id,score,metric_name
python3_condition error_minimize-maximum-pair-sum-in-array,1.0,debug_accuracy
python3_condition error_minimum-total-cost-to-make-arrays-unequal,1.0,debug_accuracy
python3_condition error_fizz-buzz,1.0,debug_accuracy
python3_condition error_split-linked-list-in-parts,1.0,debug_accuracy
python3_condition error_partition-array-according-to-given-pivot,1.0,debug_accuracy
python3_condition error_sort-colors,1.0,debug_accuracy
python3_condition error_delete-greatest-value-in-each-row,1.0,debug_accuracy
python3_condition error_find-the-array-concatenation-value,1.0,debug_accuracy
python3_condition error_create-components-with-same-value,1.0,debug_accuracy
python3_condition error_valid-parenthesis-string,1.0,debug_accuracy
python3_condition error_restore-the-array,1.0,debug_accuracy
python3_condition error_remove-linked-list-elements,1.0,debug_accuracy
python3_condition error_remove-duplicates-from-sorted-array-ii,1.0,debug_accuracy
python3_condition error_pascals-triangle,1.0,debug_accuracy
python3_condition error_next-greater-element-i,1.0,debug_accuracy
python3_condition error_increasing-order-search-tree,1.0,debug_accuracy
python3_condition error_can-place-flowers,1.0,debug_accuracy
python3_condition error_plus-one,1.0,debug_accuracy
python3_condition error_average-value-of-even-numbers-that-are-divisible-by-three,1.0,debug_accuracy
python3_condition error_delete-operation-for-two-strings,1.0,debug_accuracy
python3_condition error_minimum-speed-to-arrive-on-time,1.0,debug_accuracy
python3_condition error_minimum-difference-between-highest-and-lowest-of-k-scores,1.0,debug_accuracy
python3_condition error_edit-distance,1.0,debug_accuracy
python3_condition error_make-array-zero-by-subtracting-equal-amounts,1.0,debug_accuracy
python3_condition error_check-if-point-is-reachable,1.0,debug_accuracy
python3_condition error_invalid-transactions,0.0,debug_accuracy
python3_condition error_find-all-lonely-numbers-in-the-array,1.0,debug_accuracy
python3_condition error_fizz-buzz,1.0,debug_accuracy
python3_condition error_node-with-highest-edge-score,1.0,debug_accuracy
python3_condition error_x-of-a-kind-in-a-deck-of-cards,1.0,debug_accuracy
python3_condition error_the-kth-factor-of-n,1.0,debug_accuracy
python3_condition error_lexicographically-smallest-palindrome,1.0,debug_accuracy
python3_condition error_construct-binary-tree-from-inorder-and-postorder-traversal,1.0,debug_accuracy
python3_condition error_partition-array-into-three-parts-with-equal-sum,1.0,debug_accuracy
python3_condition error_binary-tree-level-order-traversal-ii,1.0,debug_accuracy
python3_condition error_minimum-deletions-to-make-array-divisible,0.0,debug_accuracy
python3_condition error_longest-substring-with-at-least-k-repeating-characters,1.0,debug_accuracy
python3_condition error_minimum-cost-to-make-at-least-one-valid-path-in-a-grid,1.0,debug_accuracy
python3_condition error_frog-position-after-t-seconds,1.0,debug_accuracy
python3_condition error_determine-the-winner-of-a-bowling-game,1.0,debug_accuracy
python3_condition error_maximum-elegance-of-a-k-length-subsequence,0.0,debug_accuracy
python3_condition error_find-bottom-left-tree-value,1.0,debug_accuracy
python3_condition error_add-edges-to-make-degrees-of-all-nodes-even,1.0,debug_accuracy
python3_condition error_sequential-digits,1.0,debug_accuracy
python3_condition error_linked-list-cycle,1.0,debug_accuracy
python3_condition error_number-of-ways-to-split-a-string,1.0,debug_accuracy
python3_condition error_check-if-string-is-transformable-with-substring-sort-operations,0.0,debug_accuracy
python3_condition error_minimum-flips-to-make-a-or-b-equal-to-c,1.0,debug_accuracy
python3_condition error_most-common-word,1.0,debug_accuracy
python3_condition error_sum-of-absolute-differences-in-a-sorted-array,1.0,debug_accuracy
python3_condition error_minimum-bit-flips-to-convert-number,1.0,debug_accuracy
python3_condition error_scramble-string,1.0,debug_accuracy
python3_condition error_grid-game,1.0,debug_accuracy
python3_condition error_k-similar-strings,1.0,debug_accuracy
python3_condition error_check-if-there-is-a-valid-partition-for-the-array,1.0,debug_accuracy
python3_condition error_find-kth-bit-in-nth-binary-string,1.0,debug_accuracy
python3_condition error_disconnect-path-in-a-binary-matrix-by-at-most-one-flip,1.0,debug_accuracy
python3_condition error_make-k-subarray-sums-equal,1.0,debug_accuracy
python3_condition error_third-maximum-number,1.0,debug_accuracy
python3_condition error_verifying-an-alien-dictionary,1.0,debug_accuracy
python3_condition error_corporate-flight-bookings,1.0,debug_accuracy
python3_condition error_palindrome-pairs,0.0,debug_accuracy
python3_condition error_maximum-profit-of-operating-a-centennial-wheel,0.0,debug_accuracy
python3_condition error_restore-ip-addresses,1.0,debug_accuracy
python3_condition error_construct-quad-tree,1.0,debug_accuracy
python3_condition error_check-if-one-string-swap-can-make-strings-equal,1.0,debug_accuracy
python3_condition error_remove-duplicates-from-sorted-array-ii,1.0,debug_accuracy
python3_condition error_number-of-ways-to-split-array,1.0,debug_accuracy
python3_condition error_rings-and-rods,1.0,debug_accuracy
python3_condition error_count-the-repetitions,0.0,debug_accuracy
python3_condition error_ransom-note,1.0,debug_accuracy
python3_condition error_plates-between-candles,1.0,debug_accuracy
python3_condition error_check-if-string-is-transformable-with-substring-sort-operations,1.0,debug_accuracy
python3_condition error_remove-duplicates-from-sorted-array-ii,1.0,debug_accuracy
python3_condition error_nim-game,1.0,debug_accuracy
python3_condition error_sliding-puzzle,1.0,debug_accuracy
python3_condition error_valid-permutations-for-di-sequence,0.0,debug_accuracy
python3_condition error_powerful-integers,1.0,debug_accuracy
python3_condition error_binary-search,1.0,debug_accuracy
python3_condition error_find-players-with-zero-or-one-losses,1.0,debug_accuracy
python3_condition error_excel-sheet-column-title,1.0,debug_accuracy
python3_condition error_minimum-cost-to-split-an-array,0.0,debug_accuracy
python3_condition error_minimum-time-to-complete-trips,1.0,debug_accuracy
python3_double_length-of-the-longest-valid-substring,1.0,debug_accuracy
python3_double_best-time-to-buy-and-sell-stock-ii,1.0,debug_accuracy
python3_double_pascals-triangle,1.0,debug_accuracy
python3_double_delete-operation-for-two-strings,0.0,debug_accuracy
python3_double_minimum-speed-to-arrive-on-time,1.0,debug_accuracy
python3_double_baseball-game,1.0,debug_accuracy
python3_double_minimum-time-to-complete-trips,1.0,debug_accuracy
python3_double_lexicographically-smallest-string-after-substring-operation,0.0,debug_accuracy
python3_double_n-queens-ii,1.0,debug_accuracy
python3_double_valid-parenthesis-string,1.0,debug_accuracy
python3_double_valid-arrangement-of-pairs,1.0,debug_accuracy
python3_double_find-kth-bit-in-nth-binary-string,1.0,debug_accuracy
python3_double_closest-dessert-cost,0.0,debug_accuracy
python3_double_valid-permutations-for-di-sequence,0.0,debug_accuracy
python3_double_course-schedule,1.0,debug_accuracy
python3_double_number-complement,1.0,debug_accuracy
python3_double_grid-game,1.0,debug_accuracy
python3_double_create-components-with-same-value,1.0,debug_accuracy
python3_double_string-compression-ii,1.0,debug_accuracy
python3_double_count-number-of-maximum-bitwise-or-subsets,1.0,debug_accuracy
python3_double_number-of-ways-of-cutting-a-pizza,1.0,debug_accuracy
python3_double_check-if-string-is-transformable-with-substring-sort-operations,1.0,debug_accuracy
python3_double_disconnect-path-in-a-binary-matrix-by-at-most-one-flip,0.0,debug_accuracy
python3_double_x-of-a-kind-in-a-deck-of-cards,1.0,debug_accuracy
python3_double_closest-dessert-cost,1.0,debug_accuracy
python3_double_check-if-string-is-transformable-with-substring-sort-operations,1.0,debug_accuracy
python3_double_maximum-elegance-of-a-k-length-subsequence,0.0,debug_accuracy
python3_double_delete-greatest-value-in-each-row,1.0,debug_accuracy
python3_double_rearrange-words-in-a-sentence,1.0,debug_accuracy
python3_double_maximize-number-of-nice-divisors,1.0,debug_accuracy
python3_double_kth-largest-element-in-an-array,1.0,debug_accuracy
python3_double_valid-arrangement-of-pairs,1.0,debug_accuracy
python3_double_minimum-time-to-complete-trips,1.0,debug_accuracy
python3_double_sliding-window-median,0.0,debug_accuracy
python3_double_find-the-middle-index-in-array,1.0,debug_accuracy
python3_double_can-place-flowers,1.0,debug_accuracy
python3_double_can-place-flowers,1.0,debug_accuracy
python3_double_minimize-the-total-price-of-the-trips,1.0,debug_accuracy
python3_double_minimum-obstacle-removal-to-reach-corner,1.0,debug_accuracy
python3_double_kth-largest-element-in-an-array,1.0,debug_accuracy
python3_double_satisfiability-of-equality-equations,1.0,debug_accuracy
python3_double_string-compression-ii,1.0,debug_accuracy
python3_double_median-of-two-sorted-arrays,1.0,debug_accuracy
python3_double_move-zeroes,1.0,debug_accuracy
python3_double_sum-of-absolute-differences-in-a-sorted-array,1.0,debug_accuracy
python3_double_count-the-repetitions,1.0,debug_accuracy
python3_double_median-of-two-sorted-arrays,1.0,debug_accuracy
python3_double_number-of-ways-of-cutting-a-pizza,0.0,debug_accuracy
python3_double_grid-game,1.0,debug_accuracy
python3_double_merge-k-sorted-lists,1.0,debug_accuracy
python3_double_valid-permutations-for-di-sequence,0.0,debug_accuracy
python3_double_find-players-with-zero-or-one-losses,1.0,debug_accuracy
python3_double_closest-dessert-cost,1.0,debug_accuracy
python3_double_maximum-difference-between-node-and-ancestor,1.0,debug_accuracy
python3_double_adding-two-negabinary-numbers,1.0,debug_accuracy
python3_double_maximum-of-absolute-value-expression,1.0,debug_accuracy
python3_double_count-the-repetitions,0.0,debug_accuracy
python3_double_linked-list-cycle,1.0,debug_accuracy
python3_double_alternating-digit-sum,1.0,debug_accuracy
python3_double_scramble-string,0.0,debug_accuracy
python3_double_find-words-that-can-be-formed-by-characters,1.0,debug_accuracy
python3_double_sort-colors,1.0,debug_accuracy
python3_double_count-number-of-maximum-bitwise-or-subsets,0.0,debug_accuracy
python3_double_substring-with-concatenation-of-all-words,1.0,debug_accuracy
python3_double_valid-permutations-for-di-sequence,0.0,debug_accuracy
python3_double_linked-list-in-binary-tree,1.0,debug_accuracy
python3_double_max-points-on-a-line,1.0,debug_accuracy
python3_double_move-zeroes,1.0,debug_accuracy
python3_double_median-of-two-sorted-arrays,1.0,debug_accuracy
python3_double_maximum-depth-of-binary-tree,1.0,debug_accuracy
python3_double_fibonacci-number,1.0,debug_accuracy
python3_double_fizz-buzz,1.0,debug_accuracy
python3_double_online-election,1.0,debug_accuracy
python3_double_watering-plants-ii,1.0,debug_accuracy
python3_double_satisfiability-of-equality-equations,1.0,debug_accuracy
python3_double_lexicographically-smallest-palindrome,1.0,debug_accuracy
python3_double_add-edges-to-make-degrees-of-all-nodes-even,1.0,debug_accuracy
python3_double_construct-quad-tree,1.0,debug_accuracy
python3_double_design-a-text-editor,1.0,debug_accuracy
python3_double_check-if-every-row-and-column-contains-all-numbers,1.0,debug_accuracy
python3_double_largest-positive-integer-that-exists-with-its-negative,1.0,debug_accuracy
python3_double_find-the-string-with-lcp,1.0,debug_accuracy
python3_double_binary-tree-level-order-traversal-ii,1.0,debug_accuracy
python3_double_number-of-ways-of-cutting-a-pizza,1.0,debug_accuracy
python3_double_find-players-with-zero-or-one-losses,1.0,debug_accuracy
python3_double_count-anagrams,1.0,debug_accuracy
python3_double_count-the-repetitions,1.0,debug_accuracy
python3_double_construct-quad-tree,1.0,debug_accuracy
python3_double_pascals-triangle,1.0,debug_accuracy
python3_double_decode-the-slanted-ciphertext,1.0,debug_accuracy
python3_double_k-th-smallest-in-lexicographical-order,1.0,debug_accuracy
python3_double_median-of-two-sorted-arrays,1.0,debug_accuracy
python3_double_ugly-number-iii,1.0,debug_accuracy
python3_double_powerful-integers,1.0,debug_accuracy
python3_double_median-of-two-sorted-arrays,1.0,debug_accuracy
python3_double_valid-permutations-for-di-sequence,1.0,debug_accuracy
python3_double_generate-random-point-in-a-circle,1.0,debug_accuracy
python3_double_count-the-repetitions,0.0,debug_accuracy
python3_double_sum-of-absolute-differences-in-a-sorted-array,1.0,debug_accuracy
python3_double_partition-array-according-to-given-pivot,1.0,debug_accuracy
python3_double_minimum-obstacle-removal-to-reach-corner,1.0,debug_accuracy
python3_double_satisfiability-of-equality-equations,1.0,debug_accuracy
python3_double_arithmetic-slices-ii-subsequence,1.0,debug_accuracy
python3_double_partition-array-into-three-parts-with-equal-sum,1.0,debug_accuracy
python3_double_nim-game,1.0,debug_accuracy
python3_double_construct-quad-tree,1.0,debug_accuracy
python3_double_baseball-game,1.0,debug_accuracy
python3_double_powerful-integers,1.0,debug_accuracy
python3_double_valid-arrangement-of-pairs,1.0,debug_accuracy
python3_double_create-components-with-same-value,1.0,debug_accuracy
python3_double_largest-positive-integer-that-exists-with-its-negative,1.0,debug_accuracy
python3_double_n-queens-ii,1.0,debug_accuracy
python3_double_largest-positive-integer-that-exists-with-its-negative,1.0,debug_accuracy
python3_double_check-if-two-string-arrays-are-equivalent,1.0,debug_accuracy
python3_double_minimum-cost-to-split-an-array,0.0,debug_accuracy
python3_double_can-place-flowers,1.0,debug_accuracy
python3_double_online-election,1.0,debug_accuracy
python3_double_minimum-obstacle-removal-to-reach-corner,1.0,debug_accuracy
python3_double_corporate-flight-bookings,1.0,debug_accuracy
python3_double_minimum-bit-flips-to-convert-number,1.0,debug_accuracy
python3_double_largest-positive-integer-that-exists-with-its-negative,1.0,debug_accuracy
python3_double_two-furthest-houses-with-different-colors,1.0,debug_accuracy
python3_double_moving-stones-until-consecutive-ii,0.0,debug_accuracy
python3_double_count-the-repetitions,1.0,debug_accuracy
python3_double_two-furthest-houses-with-different-colors,1.0,debug_accuracy
python3_double_find-all-possible-recipes-from-given-supplies,1.0,debug_accuracy
python3_double_minimum-difference-between-highest-and-lowest-of-k-scores,1.0,debug_accuracy
python3_double_maximum-gap,1.0,debug_accuracy
python3_double_length-of-the-longest-valid-substring,0.0,debug_accuracy
python3_double_partition-array-into-three-parts-with-equal-sum,1.0,debug_accuracy
python3_double_string-compression-ii,1.0,debug_accuracy
python3_double_check-if-one-string-swap-can-make-strings-equal,1.0,debug_accuracy
python3_double_check-if-two-string-arrays-are-equivalent,1.0,debug_accuracy
python3_double_find-closest-node-to-given-two-nodes,1.0,debug_accuracy
python3_double_two-furthest-houses-with-different-colors,1.0,debug_accuracy
python3_double_max-points-on-a-line,1.0,debug_accuracy
python3_double_arithmetic-slices-ii-subsequence,1.0,debug_accuracy
python3_double_check-if-two-string-arrays-are-equivalent,1.0,debug_accuracy
python3_double_minimize-the-total-price-of-the-trips,1.0,debug_accuracy
python3_double_string-compression-ii,1.0,debug_accuracy
python3_double_partition-array-into-three-parts-with-equal-sum,1.0,debug_accuracy
python3_double_check-if-every-row-and-column-contains-all-numbers,1.0,debug_accuracy
python3_double_sum-of-subarray-minimums,1.0,debug_accuracy
python3_double_find-the-string-with-lcp,1.0,debug_accuracy
python3_double_adding-two-negabinary-numbers,1.0,debug_accuracy
python3_double_valid-parenthesis-string,1.0,debug_accuracy
python3_double_create-components-with-same-value,1.0,debug_accuracy
python3_double_kth-largest-element-in-an-array,1.0,debug_accuracy
python3_double_moving-stones-until-consecutive-ii,0.0,debug_accuracy
python3_double_maximize-number-of-nice-divisors,1.0,debug_accuracy
python3_double_length-of-the-longest-valid-substring,1.0,debug_accuracy
python3_double_check-if-two-string-arrays-are-equivalent,1.0,debug_accuracy
python3_double_course-schedule,0.0,debug_accuracy
python3_double_make-array-zero-by-subtracting-equal-amounts,1.0,debug_accuracy
python3_double_number-of-ways-to-split-a-string,1.0,debug_accuracy
python3_double_fizz-buzz,1.0,debug_accuracy
python3_double_can-place-flowers,1.0,debug_accuracy
python3_double_next-greater-element-i,0.0,debug_accuracy
python3_double_sum-of-subarray-minimums,1.0,debug_accuracy
python3_double_fizz-buzz,1.0,debug_accuracy
python3_double_number-of-pairs-of-strings-with-concatenation-equal-to-target,1.0,debug_accuracy
python3_double_sum-of-subarray-minimums,0.0,debug_accuracy
python3_double_plates-between-candles,1.0,debug_accuracy
python3_double_sum-of-subarray-minimums,1.0,debug_accuracy
python3_double_construct-the-longest-new-string,1.0,debug_accuracy
python3_double_lexicographical-numbers,1.0,debug_accuracy
python3_double_sliding-window-median,1.0,debug_accuracy
python3_double_unique-number-of-occurrences,1.0,debug_accuracy
python3_double_find-the-array-concatenation-value,1.0,debug_accuracy
python3_double_third-maximum-number,1.0,debug_accuracy
python3_double_fizz-buzz,1.0,debug_accuracy
python3_double_number-of-ways-of-cutting-a-pizza,1.0,debug_accuracy
python3_double_find-all-possible-recipes-from-given-supplies,1.0,debug_accuracy
python3_double_kth-largest-element-in-an-array,1.0,debug_accuracy
python3_double_course-schedule,0.0,debug_accuracy
python3_double_length-of-the-longest-valid-substring,0.0,debug_accuracy
python3_double_median-of-two-sorted-arrays,1.0,debug_accuracy
python3_double_maximize-the-minimum-powered-city,0.0,debug_accuracy
python3_double_construct-binary-tree-from-preorder-and-inorder-traversal,1.0,debug_accuracy
python3_double_all-ancestors-of-a-node-in-a-directed-acyclic-graph,1.0,debug_accuracy
python3_double_restore-the-array-from-adjacent-pairs,1.0,debug_accuracy
python3_double_closest-dessert-cost,1.0,debug_accuracy
python3_double_find-peak-element,1.0,debug_accuracy
python3_double_find-players-with-zero-or-one-losses,1.0,debug_accuracy
python3_double_maximum-gap,1.0,debug_accuracy
python3_double_construct-binary-tree-from-inorder-and-postorder-traversal,1.0,debug_accuracy
python3_double_third-maximum-number,1.0,debug_accuracy
python3_double_next-greater-element-iv,1.0,debug_accuracy
python3_double_valid-parenthesis-string,1.0,debug_accuracy
python3_double_kth-largest-element-in-an-array,1.0,debug_accuracy
python3_double_most-common-word,1.0,debug_accuracy
python3_double_lexicographical-numbers,1.0,debug_accuracy
python3_double_minimize-the-total-price-of-the-trips,1.0,debug_accuracy
python3_double_how-many-numbers-are-smaller-than-the-current-number,1.0,debug_accuracy
python3_double_disconnect-path-in-a-binary-matrix-by-at-most-one-flip,1.0,debug_accuracy
python3_double_powerful-integers,1.0,debug_accuracy
python3_double_reverse-nodes-in-k-group,1.0,debug_accuracy
python3_double_neighboring-bitwise-xor,1.0,debug_accuracy
python3_double_largest-number-after-mutating-substring,0.0,debug_accuracy
python3_double_sliding-window-median,1.0,debug_accuracy
python3_double_find-players-with-zero-or-one-losses,1.0,debug_accuracy
python3_double_largest-positive-integer-that-exists-with-its-negative,1.0,debug_accuracy
python3_double_largest-number-after-digit-swaps-by-parity,1.0,debug_accuracy
python3_double_longest-cycle-in-a-graph,1.0,debug_accuracy
python3_double_lexicographically-smallest-string-after-substring-operation,1.0,debug_accuracy
python3_double_length-of-the-longest-valid-substring,1.0,debug_accuracy
python3_double_count-words-obtained-after-adding-a-letter,1.0,debug_accuracy
python3_double_string-compression-ii,1.0,debug_accuracy
python3_double_generate-random-point-in-a-circle,1.0,debug_accuracy
python3_double_partition-array-into-three-parts-with-equal-sum,1.0,debug_accuracy
python3_double_reverse-nodes-in-k-group,1.0,debug_accuracy
python3_double_how-many-numbers-are-smaller-than-the-current-number,1.0,debug_accuracy
python3_double_split-linked-list-in-parts,1.0,debug_accuracy
python3_double_length-of-the-longest-valid-substring,0.0,debug_accuracy
python3_double_kth-largest-element-in-an-array,1.0,debug_accuracy
python3_double_valid-arrangement-of-pairs,1.0,debug_accuracy
python3_double_number-complement,0.0,debug_accuracy
python3_double_closest-dessert-cost,0.0,debug_accuracy
python3_double_restore-ip-addresses,1.0,debug_accuracy
python3_double_plus-one,1.0,debug_accuracy
python3_double_edit-distance,1.0,debug_accuracy
python3_double_can-place-flowers,1.0,debug_accuracy
python3_double_kth-largest-sum-in-a-binary-tree,1.0,debug_accuracy
python3_double_find-the-string-with-lcp,1.0,debug_accuracy
python3_double_length-of-the-longest-valid-substring,1.0,debug_accuracy
python3_double_kth-largest-element-in-an-array,1.0,debug_accuracy
python3_double_partition-array-into-three-parts-with-equal-sum,1.0,debug_accuracy
python3_double_string-compression-ii,1.0,debug_accuracy
python3_double_jump-game-ii,1.0,debug_accuracy
python3_double_construct-quad-tree,1.0,debug_accuracy
python3_double_number-of-ways-of-cutting-a-pizza,1.0,debug_accuracy
python3_double_median-of-two-sorted-arrays,1.0,debug_accuracy
python3_double_check-if-string-is-transformable-with-substring-sort-operations,1.0,debug_accuracy
python3_double_increasing-decreasing-string,1.0,debug_accuracy
python3_double_closest-dessert-cost,1.0,debug_accuracy
python3_double_kth-largest-element-in-an-array,1.0,debug_accuracy
python3_double_count-anagrams,1.0,debug_accuracy
python3_double_count-the-repetitions,1.0,debug_accuracy
python3_double_unique-number-of-occurrences,1.0,debug_accuracy
python3_double_maximum-depth-of-binary-tree,1.0,debug_accuracy
python3_double_corporate-flight-bookings,1.0,debug_accuracy
python3_double_valid-permutations-for-di-sequence,1.0,debug_accuracy
python3_double_moving-stones-until-consecutive-ii,0.0,debug_accuracy
python3_double_all-ancestors-of-a-node-in-a-directed-acyclic-graph,1.0,debug_accuracy
python3_double_binary-tree-level-order-traversal-ii,1.0,debug_accuracy
python3_double_longest-harmonious-subsequence,1.0,debug_accuracy
python3_double_binary-tree-level-order-traversal-ii,1.0,debug_accuracy
python3_double_restore-ip-addresses,1.0,debug_accuracy
python3_double_baseball-game,1.0,debug_accuracy
python3_double_frog-position-after-t-seconds,1.0,debug_accuracy
python3_faulty indexing_binary-tree-level-order-traversal-ii,1.0,debug_accuracy
python3_faulty indexing_satisfiability-of-equality-equations,1.0,debug_accuracy
python3_faulty indexing_count-anagrams,1.0,debug_accuracy
python3_faulty indexing_check-if-string-is-transformable-with-substring-sort-operations,1.0,debug_accuracy
python3_faulty indexing_find-peak-element,1.0,debug_accuracy
python3_faulty indexing_string-compression-ii,1.0,debug_accuracy
python3_faulty indexing_sliding-window-median,1.0,debug_accuracy
python3_faulty indexing_sequential-digits,1.0,debug_accuracy
python3_faulty indexing_median-of-two-sorted-arrays,1.0,debug_accuracy
python3_faulty indexing_node-with-highest-edge-score,1.0,debug_accuracy
python3_faulty indexing_find-players-with-zero-or-one-losses,1.0,debug_accuracy
python3_faulty indexing_minimum-speed-to-arrive-on-time,1.0,debug_accuracy
python3_faulty indexing_card-flipping-game,1.0,debug_accuracy
python3_faulty indexing_number-of-ways-of-cutting-a-pizza,1.0,debug_accuracy
python3_faulty indexing_largest-positive-integer-that-exists-with-its-negative,1.0,debug_accuracy
python3_faulty indexing_moving-stones-until-consecutive-ii,0.0,debug_accuracy
python3_faulty indexing_max-points-on-a-line,1.0,debug_accuracy
python3_faulty indexing_maximum-depth-of-binary-tree,1.0,debug_accuracy
python3_faulty indexing_n-th-tribonacci-number,1.0,debug_accuracy
python3_faulty indexing_find-all-possible-recipes-from-given-supplies,1.0,debug_accuracy
python3_faulty indexing_reveal-cards-in-increasing-order,1.0,debug_accuracy
python3_faulty indexing_sort-an-array,1.0,debug_accuracy
python3_faulty indexing_minimum-bit-flips-to-convert-number,1.0,debug_accuracy
python3_faulty indexing_count-the-repetitions,1.0,debug_accuracy
python3_faulty indexing_minimize-maximum-pair-sum-in-array,1.0,debug_accuracy
python3_faulty indexing_maximum-depth-of-n-ary-tree,1.0,debug_accuracy
python3_faulty indexing_longest-harmonious-subsequence,1.0,debug_accuracy
python3_faulty indexing_delete-greatest-value-in-each-row,1.0,debug_accuracy
python3_faulty indexing_find-closest-node-to-given-two-nodes,1.0,debug_accuracy
python3_faulty indexing_x-of-a-kind-in-a-deck-of-cards,1.0,debug_accuracy
python3_faulty indexing_jump-game-ii,1.0,debug_accuracy
python3_faulty indexing_smallest-string-starting-from-leaf,1.0,debug_accuracy
python3_faulty indexing_scramble-string,1.0,debug_accuracy
python3_faulty indexing_last-moment-before-all-ants-fall-out-of-a-plank,1.0,debug_accuracy
python3_faulty indexing_binary-search,1.0,debug_accuracy
python3_faulty indexing_valid-permutations-for-di-sequence,1.0,debug_accuracy
python3_faulty indexing_sum-of-subarray-minimums,1.0,debug_accuracy
python3_faulty indexing_kth-largest-sum-in-a-binary-tree,1.0,debug_accuracy
python3_faulty indexing_maximize-the-minimum-powered-city,1.0,debug_accuracy
python3_faulty indexing_linked-list-in-binary-tree,1.0,debug_accuracy
python3_faulty indexing_find-words-that-can-be-formed-by-characters,1.0,debug_accuracy
python3_faulty indexing_binary-tree-inorder-traversal,1.0,debug_accuracy
python3_faulty indexing_adding-two-negabinary-numbers,1.0,debug_accuracy
python3_faulty indexing_longest-well-performing-interval,1.0,debug_accuracy
python3_faulty indexing_plus-one,1.0,debug_accuracy
python3_faulty indexing_arithmetic-slices-ii-subsequence,1.0,debug_accuracy
python3_faulty indexing_length-of-the-longest-valid-substring,1.0,debug_accuracy
python3_faulty indexing_invalid-transactions,1.0,debug_accuracy
python3_faulty indexing_valid-parenthesis-string,1.0,debug_accuracy
python3_faulty indexing_number-complement,1.0,debug_accuracy
python3_faulty indexing_binary-tree-level-order-traversal-ii,1.0,debug_accuracy
python3_faulty indexing_decode-the-slanted-ciphertext,1.0,debug_accuracy
python3_faulty indexing_self-dividing-numbers,1.0,debug_accuracy
python3_faulty indexing_increasing-decreasing-string,1.0,debug_accuracy
python3_faulty indexing_kth-largest-element-in-an-array,1.0,debug_accuracy
python3_faulty indexing_sort-colors,1.0,debug_accuracy
python3_faulty indexing_generate-random-point-in-a-circle,1.0,debug_accuracy
python3_faulty indexing_determine-the-winner-of-a-bowling-game,1.0,debug_accuracy
python3_faulty indexing_construct-quad-tree,1.0,debug_accuracy
python3_faulty indexing_find-the-value-of-the-partition,1.0,debug_accuracy
python3_faulty indexing_check-if-every-row-and-column-contains-all-numbers,1.0,debug_accuracy
python3_faulty indexing_sort-an-array,1.0,debug_accuracy
python3_faulty indexing_fizz-buzz,1.0,debug_accuracy
python3_faulty indexing_remove-duplicates-from-sorted-array-ii,1.0,debug_accuracy
python3_faulty indexing_restore-ip-addresses,1.0,debug_accuracy
python3_faulty indexing_can-place-flowers,1.0,debug_accuracy
python3_faulty indexing_calculate-money-in-leetcode-bank,1.0,debug_accuracy
python3_faulty indexing_substring-with-concatenation-of-all-words,1.0,debug_accuracy
python3_faulty indexing_maximum-elegance-of-a-k-length-subsequence,1.0,debug_accuracy
python3_faulty indexing_largest-number-after-digit-swaps-by-parity,1.0,debug_accuracy
python3_faulty indexing_lexicographically-smallest-palindrome,1.0,debug_accuracy
python3_faulty indexing_partition-array-according-to-given-pivot,1.0,debug_accuracy
python3_illegal comment_convert-sorted-list-to-binary-search-tree,1.0,debug_accuracy
python3_illegal comment_construct-binary-tree-from-inorder-and-postorder-traversal,1.0,debug_accuracy
python3_illegal comment_self-dividing-numbers,1.0,debug_accuracy
python3_illegal comment_how-many-numbers-are-smaller-than-the-current-number,1.0,debug_accuracy
python3_illegal comment_frog-position-after-t-seconds,0.0,debug_accuracy
python3_illegal comment_magic-squares-in-grid,1.0,debug_accuracy
python3_illegal comment_maximum-product-of-splitted-binary-tree,1.0,debug_accuracy
python3_illegal comment_course-schedule,1.0,debug_accuracy
python3_illegal comment_check-if-two-string-arrays-are-equivalent,1.0,debug_accuracy
python3_illegal comment_disconnect-path-in-a-binary-matrix-by-at-most-one-flip,0.0,debug_accuracy
python3_illegal comment_sum-of-subarray-minimums,1.0,debug_accuracy
python3_illegal comment_reverse-subarray-to-maximize-array-value,1.0,debug_accuracy
python3_illegal comment_length-of-the-longest-valid-substring,1.0,debug_accuracy
python3_illegal comment_partition-array-into-three-parts-with-equal-sum,1.0,debug_accuracy
python3_illegal comment_neighboring-bitwise-xor,1.0,debug_accuracy
python3_illegal comment_minimum-fuel-cost-to-report-to-the-capital,1.0,debug_accuracy
python3_illegal comment_find-players-with-zero-or-one-losses,1.0,debug_accuracy
python3_illegal comment_find-words-that-can-be-formed-by-characters,1.0,debug_accuracy
python3_illegal comment_lexicographically-smallest-string-after-substring-operation,1.0,debug_accuracy
python3_illegal comment_the-kth-factor-of-n,1.0,debug_accuracy
python3_illegal comment_partition-string-into-substrings-with-values-at-most-k,1.0,debug_accuracy
python3_illegal comment_adding-two-negabinary-numbers,0.0,debug_accuracy
python3_illegal comment_binary-tree-level-order-traversal-ii,1.0,debug_accuracy
python3_illegal comment_determine-the-winner-of-a-bowling-game,1.0,debug_accuracy
python3_illegal comment_find-the-array-concatenation-value,1.0,debug_accuracy
python3_illegal comment_largest-positive-integer-that-exists-with-its-negative,1.0,debug_accuracy
python3_illegal comment_maximum-number-of-consecutive-values-you-can-make,1.0,debug_accuracy
python3_illegal comment_count-number-of-maximum-bitwise-or-subsets,0.0,debug_accuracy
python3_illegal comment_maximize-the-minimum-powered-city,0.0,debug_accuracy
python3_illegal comment_next-greater-element-iv,1.0,debug_accuracy
python3_illegal comment_median-of-two-sorted-arrays,1.0,debug_accuracy
python3_illegal comment_sort-an-array,1.0,debug_accuracy
python3_illegal comment_fibonacci-number,1.0,debug_accuracy
python3_illegal comment_valid-parenthesis-string,1.0,debug_accuracy
python3_illegal comment_arithmetic-slices-ii-subsequence,1.0,debug_accuracy
python3_illegal comment_all-ancestors-of-a-node-in-a-directed-acyclic-graph,1.0,debug_accuracy
python3_illegal comment_average-value-of-even-numbers-that-are-divisible-by-three,0.0,debug_accuracy
python3_illegal comment_alternating-digit-sum,1.0,debug_accuracy
python3_illegal comment_lexicographical-numbers,1.0,debug_accuracy
python3_illegal comment_partition-array-according-to-given-pivot,0.0,debug_accuracy
python3_illegal indentation_moving-stones-until-consecutive-ii,0.0,debug_accuracy
python3_illegal indentation_third-maximum-number,1.0,debug_accuracy
python3_illegal indentation_binary-tree-level-order-traversal-ii,1.0,debug_accuracy
python3_illegal indentation_minimum-bit-flips-to-convert-number,1.0,debug_accuracy
python3_illegal indentation_increasing-order-search-tree,1.0,debug_accuracy
python3_illegal indentation_online-election,1.0,debug_accuracy
python3_illegal indentation_distribute-candies,1.0,debug_accuracy
python3_illegal indentation_best-time-to-buy-and-sell-stock-ii,1.0,debug_accuracy
python3_illegal indentation_check-if-one-string-swap-can-make-strings-equal,1.0,debug_accuracy
python3_illegal indentation_delete-greatest-value-in-each-row,1.0,debug_accuracy
python3_illegal indentation_find-the-string-with-lcp,1.0,debug_accuracy
python3_illegal indentation_plus-one,1.0,debug_accuracy
python3_illegal indentation_maximize-number-of-nice-divisors,1.0,debug_accuracy
python3_illegal indentation_grid-game,1.0,debug_accuracy
python3_illegal indentation_alternating-digit-sum,1.0,debug_accuracy
python3_illegal indentation_sequential-digits,1.0,debug_accuracy
python3_illegal indentation_find-words-that-can-be-formed-by-characters,1.0,debug_accuracy
python3_illegal indentation_median-of-two-sorted-arrays,1.0,debug_accuracy
python3_illegal indentation_linked-list-cycle,1.0,debug_accuracy
python3_illegal indentation_convert-integer-to-the-sum-of-two-no-zero-integers,1.0,debug_accuracy
python3_illegal indentation_check-if-string-is-transformable-with-substring-sort-operations,1.0,debug_accuracy
python3_illegal indentation_maximum-difference-between-node-and-ancestor,1.0,debug_accuracy
python3_illegal indentation_find-closest-node-to-given-two-nodes,1.0,debug_accuracy
python3_illegal indentation_minimum-index-sum-of-two-lists,1.0,debug_accuracy
python3_illegal indentation_disconnect-path-in-a-binary-matrix-by-at-most-one-flip,1.0,debug_accuracy
python3_illegal indentation_find-all-possible-recipes-from-given-supplies,1.0,debug_accuracy
python3_illegal indentation_merge-k-sorted-lists,1.0,debug_accuracy
python3_illegal indentation_maximum-of-absolute-value-expression,1.0,debug_accuracy
python3_illegal indentation_check-if-string-is-transformable-with-substring-sort-operations,1.0,debug_accuracy
python3_illegal indentation_number-complement,1.0,debug_accuracy
python3_illegal indentation_range-sum-query-immutable,1.0,debug_accuracy
python3_illegal indentation_largest-number-after-mutating-substring,1.0,debug_accuracy
python3_illegal indentation_reverse-nodes-in-k-group,1.0,debug_accuracy
python3_illegal indentation_partition-array-into-three-parts-with-equal-sum,1.0,debug_accuracy
python3_illegal indentation_minimum-speed-to-arrive-on-time,1.0,debug_accuracy
python3_illegal indentation_smallest-string-starting-from-leaf,1.0,debug_accuracy
python3_illegal indentation_how-many-numbers-are-smaller-than-the-current-number,1.0,debug_accuracy
python3_illegal indentation_substring-with-concatenation-of-all-words,1.0,debug_accuracy
python3_illegal indentation_nim-game,1.0,debug_accuracy
python3_illegal indentation_sum-of-subarray-minimums,1.0,debug_accuracy
python3_illegal indentation_minimum-distance-to-the-target-element,1.0,debug_accuracy
python3_illegal indentation_minimum-cost-to-make-at-least-one-valid-path-in-a-grid,1.0,debug_accuracy
python3_illegal indentation_count-anagrams,1.0,debug_accuracy
python3_illegal indentation_word-subsets,1.0,debug_accuracy
python3_illegal indentation_next-greater-element-iv,1.0,debug_accuracy
python3_illegal keywords_find-first-palindromic-string-in-the-array,1.0,debug_accuracy
python3_illegal keywords_can-place-flowers,1.0,debug_accuracy
python3_illegal keywords_find-the-middle-index-in-array,1.0,debug_accuracy
python3_illegal keywords_minimum-index-sum-of-two-lists,1.0,debug_accuracy
python3_illegal keywords_removing-minimum-and-maximum-from-array,1.0,debug_accuracy
python3_illegal keywords_maximum-elegance-of-a-k-length-subsequence,0.0,debug_accuracy
python3_illegal keywords_maximize-number-of-nice-divisors,1.0,debug_accuracy
python3_illegal keywords_arithmetic-slices-ii-subsequence,1.0,debug_accuracy
python3_illegal keywords_binary-tree-inorder-traversal,1.0,debug_accuracy
python3_illegal keywords_baseball-game,1.0,debug_accuracy
python3_illegal keywords_binary-tree-level-order-traversal-ii,1.0,debug_accuracy
python3_illegal keywords_number-of-pairs-of-strings-with-concatenation-equal-to-target,1.0,debug_accuracy
python3_illegal keywords_ways-to-split-array-into-good-subarrays,1.0,debug_accuracy
python3_illegal keywords_all-elements-in-two-binary-search-trees,1.0,debug_accuracy
python3_illegal keywords_find-closest-node-to-given-two-nodes,1.0,debug_accuracy
python3_illegal keywords_kth-largest-element-in-an-array,1.0,debug_accuracy
python3_illegal keywords_convert-integer-to-the-sum-of-two-no-zero-integers,1.0,debug_accuracy
python3_illegal keywords_remove-duplicates-from-sorted-array-ii,1.0,debug_accuracy
python3_illegal keywords_generate-random-point-in-a-circle,1.0,debug_accuracy
python3_illegal keywords_sort-an-array,1.0,debug_accuracy
python3_illegal keywords_frog-position-after-t-seconds,1.0,debug_accuracy
python3_illegal keywords_find-all-possible-recipes-from-given-supplies,1.0,debug_accuracy
python3_illegal keywords_find-bottom-left-tree-value,1.0,debug_accuracy
python3_illegal keywords_split-linked-list-in-parts,1.0,debug_accuracy
python3_illegal keywords_find-the-value-of-the-partition,1.0,debug_accuracy
python3_illegal keywords_check-if-string-is-transformable-with-substring-sort-operations,1.0,debug_accuracy
python3_illegal keywords_number-of-ways-of-cutting-a-pizza,1.0,debug_accuracy
python3_illegal keywords_reachable-nodes-with-restrictions,1.0,debug_accuracy
python3_illegal keywords_check-if-point-is-reachable,1.0,debug_accuracy
python3_illegal keywords_lexicographical-numbers,1.0,debug_accuracy
python3_illegal keywords_maximum-performance-of-a-team,1.0,debug_accuracy
python3_illegal keywords_self-dividing-numbers,1.0,debug_accuracy
python3_illegal keywords_string-compression-ii,1.0,debug_accuracy
python3_illegal keywords_palindrome-pairs,0.0,debug_accuracy
python3_illegal keywords_pascals-triangle,1.0,debug_accuracy
python3_illegal keywords_largest-positive-integer-that-exists-with-its-negative,1.0,debug_accuracy
python3_illegal keywords_minimum-difference-between-highest-and-lowest-of-k-scores,1.0,debug_accuracy
python3_illegal keywords_number-complement,1.0,debug_accuracy
python3_illegal keywords_partition-string-into-substrings-with-values-at-most-k,1.0,debug_accuracy
python3_missing colons_maximum-performance-of-a-team,1.0,debug_accuracy
python3_missing colons_delete-operation-for-two-strings,0.0,debug_accuracy
python3_missing colons_most-common-word,1.0,debug_accuracy
python3_missing colons_minimum-time-to-complete-trips,1.0,debug_accuracy
python3_missing colons_minimize-the-total-price-of-the-trips,1.0,debug_accuracy
python3_missing colons_check-if-one-string-swap-can-make-strings-equal,1.0,debug_accuracy
python3_missing colons_online-election,1.0,debug_accuracy
python3_missing colons_k-similar-strings,1.0,debug_accuracy
python3_missing colons_valid-permutations-for-di-sequence,0.0,debug_accuracy
python3_missing colons_grid-game,1.0,debug_accuracy
python3_missing colons_maximum-number-of-consecutive-values-you-can-make,1.0,debug_accuracy
python3_missing colons_palindrome-partitioning-iii,1.0,debug_accuracy
python3_missing colons_can-place-flowers,1.0,debug_accuracy
python3_missing colons_find-all-possible-recipes-from-given-supplies,1.0,debug_accuracy
python3_missing colons_kth-largest-element-in-an-array,1.0,debug_accuracy
python3_missing colons_row-with-maximum-ones,1.0,debug_accuracy
python3_missing colons_count-the-repetitions,1.0,debug_accuracy
python3_missing colons_adding-two-negabinary-numbers,1.0,debug_accuracy
python3_missing colons_lexicographically-smallest-palindrome,1.0,debug_accuracy
python3_missing colons_check-if-string-is-transformable-with-substring-sort-operations,1.0,debug_accuracy
python3_missing colons_minimum-deletions-to-make-array-divisible,1.0,debug_accuracy
python3_missing colons_median-of-two-sorted-arrays,1.0,debug_accuracy
python3_missing colons_longest-happy-prefix,1.0,debug_accuracy
python3_missing colons_binary-tree-level-order-traversal-ii,1.0,debug_accuracy
python3_missing colons_unique-number-of-occurrences,1.0,debug_accuracy
python3_missing colons_restore-ip-addresses,1.0,debug_accuracy
python3_missing colons_find-players-with-zero-or-one-losses,1.0,debug_accuracy
python3_missing colons_generate-random-point-in-a-circle,1.0,debug_accuracy
python3_missing colons_remove-duplicates-from-sorted-array-ii,1.0,debug_accuracy
python3_missing colons_length-of-the-longest-valid-substring,1.0,debug_accuracy
python3_missing colons_partition-string-into-substrings-with-values-at-most-k,1.0,debug_accuracy
python3_missing colons_find-the-kth-largest-integer-in-the-array,1.0,debug_accuracy
python3_missing colons_check-if-string-is-transformable-with-substring-sort-operations,1.0,debug_accuracy
python3_missing colons_neighboring-bitwise-xor,1.0,debug_accuracy
python3_missing colons_maximum-strength-of-a-group,0.0,debug_accuracy
python3_missing colons_check-whether-two-strings-are-almost-equivalent,1.0,debug_accuracy
python3_missing colons_check-if-string-is-transformable-with-substring-sort-operations,1.0,debug_accuracy
python3_missing colons_construct-quad-tree,1.0,debug_accuracy
python3_missing colons_n-queens-ii,1.0,debug_accuracy
python3_missing colons_count-anagrams,1.0,debug_accuracy
python3_missing colons_find-mode-in-binary-search-tree,1.0,debug_accuracy
python3_missing colons_maximize-number-of-nice-divisors,1.0,debug_accuracy
python3_missing colons_course-schedule,1.0,debug_accuracy
python3_misused == or =_minimum-cost-to-split-an-array,0.0,debug_accuracy
python3_misused == or =_minimum-fuel-cost-to-report-to-the-capital,1.0,debug_accuracy
python3_misused == or =_valid-permutations-for-di-sequence,1.0,debug_accuracy
python3_misused == or =_longest-word-in-dictionary-through-deleting,1.0,debug_accuracy
python3_misused == or =_minimum-deletions-to-make-array-divisible,1.0,debug_accuracy
python3_misused == or =_can-place-flowers,1.0,debug_accuracy
python3_misused == or =_minimum-total-cost-to-make-arrays-unequal,1.0,debug_accuracy
python3_misused == or =_valid-parenthesis-string,1.0,debug_accuracy
python3_misused == or =_make-array-zero-by-subtracting-equal-amounts,1.0,debug_accuracy
python3_misused == or =_find-all-lonely-numbers-in-the-array,1.0,debug_accuracy
python3_misused == or =_max-points-on-a-line,1.0,debug_accuracy
python3_misused == or =_powerful-integers,1.0,debug_accuracy
python3_misused == or =_number-complement,1.0,debug_accuracy
python3_misused == or =_minimum-index-sum-of-two-lists,1.0,debug_accuracy
python3_misused == or =_node-with-highest-edge-score,1.0,debug_accuracy
python3_misused == or =_edit-distance,1.0,debug_accuracy
python3_misused == or =_minimum-flips-to-make-a-or-b-equal-to-c,1.0,debug_accuracy
python3_misused == or =_substrings-of-size-three-with-distinct-characters,1.0,debug_accuracy
python3_misused == or =_baseball-game,1.0,debug_accuracy
python3_misused == or =_remove-duplicates-from-sorted-array-ii,1.0,debug_accuracy
python3_misused == or =_next-greater-element-i,1.0,debug_accuracy
python3_misused == or =_linked-list-in-binary-tree,1.0,debug_accuracy
python3_misused == or =_excel-sheet-column-title,1.0,debug_accuracy
python3_misused == or =_average-value-of-even-numbers-that-are-divisible-by-three,1.0,debug_accuracy
python3_misused == or =_plates-between-candles,1.0,debug_accuracy
python3_misused == or =_minimum-obstacle-removal-to-reach-corner,1.0,debug_accuracy
python3_misused == or =_string-compression-ii,1.0,debug_accuracy
python3_misused == or =_maximum-of-absolute-value-expression,1.0,debug_accuracy
python3_misused == or =_add-edges-to-make-degrees-of-all-nodes-even,1.0,debug_accuracy
python3_misused == or =_moving-stones-until-consecutive-ii,1.0,debug_accuracy
python3_misused == or =_median-of-two-sorted-arrays,1.0,debug_accuracy
python3_misused == or =_fizz-buzz,1.0,debug_accuracy
python3_misused == or =_number-of-ways-of-cutting-a-pizza,0.0,debug_accuracy
python3_misused == or =_longest-cycle-in-a-graph,1.0,debug_accuracy
python3_misused == or =_disconnect-path-in-a-binary-matrix-by-at-most-one-flip,1.0,debug_accuracy
python3_misused == or =_find-mode-in-binary-search-tree,1.0,debug_accuracy
python3_misused == or =_find-the-string-with-lcp,1.0,debug_accuracy
python3_misused == or =_all-ancestors-of-a-node-in-a-directed-acyclic-graph,1.0,debug_accuracy
python3_misused == or =_check-if-two-string-arrays-are-equivalent,1.0,debug_accuracy
python3_misused == or =_find-kth-bit-in-nth-binary-string,0.0,debug_accuracy
python3_misused == or =_linked-list-cycle,1.0,debug_accuracy
python3_misused == or =_restore-ip-addresses,1.0,debug_accuracy
python3_misused == or =_longest-happy-prefix,1.0,debug_accuracy
python3_misused == or =_restore-the-array,1.0,debug_accuracy
python3_misused == or =_partition-array-according-to-given-pivot,1.0,debug_accuracy
python3_operation error_check-if-two-string-arrays-are-equivalent,1.0,debug_accuracy
python3_operation error_alternating-digit-sum,1.0,debug_accuracy
python3_operation error_maximum-strength-of-a-group,0.0,debug_accuracy
python3_operation error_maximum-difference-between-node-and-ancestor,1.0,debug_accuracy
python3_operation error_frog-position-after-t-seconds,1.0,debug_accuracy
python3_operation error_number-complement,1.0,debug_accuracy
python3_operation error_arithmetic-slices-ii-subsequence,1.0,debug_accuracy
python3_operation error_find-first-palindromic-string-in-the-array,1.0,debug_accuracy
python3_operation error_design-hashmap,1.0,debug_accuracy
python3_operation error_arithmetic-slices-ii-subsequence,1.0,debug_accuracy
python3_operation error_reverse-nodes-in-k-group,1.0,debug_accuracy
python3_operation error_next-greater-element-i,1.0,debug_accuracy
python3_operation error_last-moment-before-all-ants-fall-out-of-a-plank,1.0,debug_accuracy
python3_operation error_maximum-distance-between-a-pair-of-values,1.0,debug_accuracy
python3_operation error_reverse-bits,1.0,debug_accuracy
python3_operation error_largest-positive-integer-that-exists-with-its-negative,1.0,debug_accuracy
python3_operation error_capitalize-the-title,1.0,debug_accuracy
python3_operation error_check-whether-two-strings-are-almost-equivalent,1.0,debug_accuracy
python3_operation error_longest-repeating-character-replacement,1.0,debug_accuracy
python3_operation error_longest-happy-prefix,1.0,debug_accuracy
python3_operation error_count-good-numbers,0.0,debug_accuracy
python3_operation error_longest-word-in-dictionary-through-deleting,1.0,debug_accuracy
python3_operation error_card-flipping-game,1.0,debug_accuracy
python3_operation error_check-if-string-is-transformable-with-substring-sort-operations,1.0,debug_accuracy
python3_operation error_distribute-candies,1.0,debug_accuracy
python3_operation error_minimum-subsequence-in-non-increasing-order,1.0,debug_accuracy
python3_operation error_count-anagrams,1.0,debug_accuracy
python3_operation error_self-dividing-numbers,1.0,debug_accuracy
python3_operation error_maximize-number-of-nice-divisors,1.0,debug_accuracy
python3_operation error_length-of-the-longest-valid-substring,0.0,debug_accuracy
python3_operation error_longest-well-performing-interval,1.0,debug_accuracy
python3_operation error_alternating-digit-sum,1.0,debug_accuracy
python3_operation error_count-number-of-maximum-bitwise-or-subsets,1.0,debug_accuracy
python3_operation error_fibonacci-number,1.0,debug_accuracy
python3_operation error_find-the-string-with-lcp,1.0,debug_accuracy
python3_operation error_string-compression-ii,1.0,debug_accuracy
python3_operation error_longest-cycle-in-a-graph,1.0,debug_accuracy
python3_operation error_baseball-game,1.0,debug_accuracy
python3_operation error_rank-transform-of-an-array,1.0,debug_accuracy
python3_operation error_word-subsets,1.0,debug_accuracy
python3_operation error_find-the-kth-largest-integer-in-the-array,1.0,debug_accuracy
python3_operation error_number-of-ways-of-cutting-a-pizza,1.0,debug_accuracy
python3_operation error_maximum-of-absolute-value-expression,1.0,debug_accuracy
python3_operation error_koko-eating-bananas,1.0,debug_accuracy
python3_operation error_best-time-to-buy-and-sell-stock-with-cooldown,0.0,debug_accuracy
python3_operation error_n-th-tribonacci-number,1.0,debug_accuracy
python3_operation error_kth-largest-element-in-an-array,1.0,debug_accuracy
python3_operation error_maximize-the-minimum-powered-city,1.0,debug_accuracy
python3_operation error_adding-two-negabinary-numbers,1.0,debug_accuracy
python3_operation error_amount-of-time-for-binary-tree-to-be-infected,1.0,debug_accuracy
python3_operation error_unique-number-of-occurrences,1.0,debug_accuracy
python3_operation error_sort-an-array,1.0,debug_accuracy
python3_operation error_find-all-possible-recipes-from-given-supplies,1.0,debug_accuracy
python3_operation error_lexicographically-smallest-string-after-substring-operation,1.0,debug_accuracy
python3_operation error_minimum-fuel-cost-to-report-to-the-capital,1.0,debug_accuracy
python3_operation error_minimum-number-of-steps-to-make-two-strings-anagram-ii,0.0,debug_accuracy
python3_operation error_longest-harmonious-subsequence,1.0,debug_accuracy
python3_operation error_construct-the-longest-new-string,1.0,debug_accuracy
python3_operation error_substring-with-concatenation-of-all-words,1.0,debug_accuracy
python3_operation error_kth-missing-positive-number,1.0,debug_accuracy
python3_operation error_maximum-sum-queries,1.0,debug_accuracy
python3_operation error_online-election,1.0,debug_accuracy
python3_other error_isomorphic-strings,1.0,debug_accuracy
python3_other error_kth-largest-sum-in-a-binary-tree,1.0,debug_accuracy
python3_other error_can-you-eat-your-favorite-candy-on-your-favorite-day,0.0,debug_accuracy
python3_other error_maximum-number-of-consecutive-values-you-can-make,1.0,debug_accuracy
python3_other error_binary-tree-level-order-traversal-ii,1.0,debug_accuracy
python3_other error_find-positive-integer-solution-for-a-given-equation,1.0,debug_accuracy
python3_other error_sliding-window-median,0.0,debug_accuracy
python3_other error_merge-k-sorted-lists,1.0,debug_accuracy
python3_other error_sum-of-subarray-minimums,1.0,debug_accuracy
python3_other error_minimize-the-total-price-of-the-trips,1.0,debug_accuracy
python3_other error_removing-minimum-and-maximum-from-array,1.0,debug_accuracy
python3_other error_increasing-decreasing-string,1.0,debug_accuracy
python3_other error_range-sum-query-immutable,1.0,debug_accuracy
python3_other error_design-a-text-editor,1.0,debug_accuracy
python3_other error_maximum-performance-of-a-team,1.0,debug_accuracy
python3_other error_minimum-time-to-complete-all-tasks,1.0,debug_accuracy
python3_other error_moving-stones-until-consecutive-ii,0.0,debug_accuracy
python3_other error_binary-tree-inorder-traversal,1.0,debug_accuracy
python3_other error_lexicographical-numbers,1.0,debug_accuracy
python3_other error_construct-binary-tree-from-preorder-and-inorder-traversal,1.0,debug_accuracy
python3_quadruple_valid-arrangement-of-pairs,1.0,debug_accuracy
python3_quadruple_closest-dessert-cost,1.0,debug_accuracy
python3_quadruple_restore-ip-addresses,1.0,debug_accuracy
python3_quadruple_length-of-the-longest-valid-substring,0.0,debug_accuracy
python3_quadruple_valid-arrangement-of-pairs,1.0,debug_accuracy
python3_quadruple_minimum-obstacle-removal-to-reach-corner,1.0,debug_accuracy
python3_quadruple_can-place-flowers,1.0,debug_accuracy
python3_quadruple_arithmetic-slices-ii-subsequence,1.0,debug_accuracy
python3_quadruple_kth-largest-element-in-an-array,1.0,debug_accuracy
python3_quadruple_string-compression-ii,1.0,debug_accuracy
python3_quadruple_check-if-two-string-arrays-are-equivalent,1.0,debug_accuracy
python3_quadruple_binary-tree-level-order-traversal-ii,1.0,debug_accuracy
python3_quadruple_minimum-obstacle-removal-to-reach-corner,1.0,debug_accuracy
python3_quadruple_valid-arrangement-of-pairs,1.0,debug_accuracy
python3_quadruple_string-compression-ii,1.0,debug_accuracy
python3_quadruple_can-place-flowers,1.0,debug_accuracy
python3_quadruple_minimum-obstacle-removal-to-reach-corner,1.0,debug_accuracy
python3_quadruple_valid-arrangement-of-pairs,1.0,debug_accuracy
python3_quadruple_valid-arrangement-of-pairs,1.0,debug_accuracy
python3_quadruple_string-compression-ii,1.0,debug_accuracy
python3_quadruple_can-place-flowers,1.0,debug_accuracy
python3_quadruple_median-of-two-sorted-arrays,1.0,debug_accuracy
python3_quadruple_count-the-repetitions,0.0,debug_accuracy
python3_quadruple_find-closest-node-to-given-two-nodes,1.0,debug_accuracy
python3_quadruple_number-complement,1.0,debug_accuracy
python3_quadruple_lexicographically-smallest-string-after-substring-operation,0.0,debug_accuracy
python3_quadruple_largest-number-after-mutating-substring,1.0,debug_accuracy
python3_quadruple_count-the-repetitions,1.0,debug_accuracy
python3_quadruple_check-if-string-is-transformable-with-substring-sort-operations,1.0,debug_accuracy
python3_quadruple_kth-largest-element-in-an-array,1.0,debug_accuracy
python3_quadruple_number-of-ways-of-cutting-a-pizza,1.0,debug_accuracy
python3_quadruple_maximum-gap,1.0,debug_accuracy
python3_quadruple_median-of-two-sorted-arrays,1.0,debug_accuracy
python3_quadruple_kth-largest-element-in-an-array,1.0,debug_accuracy
python3_quadruple_string-compression-ii,1.0,debug_accuracy
python3_quadruple_kth-largest-element-in-an-array,1.0,debug_accuracy
python3_quadruple_disconnect-path-in-a-binary-matrix-by-at-most-one-flip,0.0,debug_accuracy
python3_quadruple_length-of-the-longest-valid-substring,1.0,debug_accuracy
python3_quadruple_count-the-repetitions,1.0,debug_accuracy
python3_quadruple_median-of-two-sorted-arrays,1.0,debug_accuracy
python3_quadruple_find-the-string-with-lcp,1.0,debug_accuracy
python3_quadruple_restore-ip-addresses,1.0,debug_accuracy
python3_quadruple_length-of-the-longest-valid-substring,1.0,debug_accuracy
python3_quadruple_binary-tree-level-order-traversal-ii,1.0,debug_accuracy
python3_quadruple_median-of-two-sorted-arrays,1.0,debug_accuracy
python3_quadruple_median-of-two-sorted-arrays,1.0,debug_accuracy
python3_quadruple_sliding-window-median,0.0,debug_accuracy
python3_quadruple_closest-dessert-cost,1.0,debug_accuracy
python3_quadruple_kth-largest-element-in-an-array,1.0,debug_accuracy
python3_quadruple_online-election,1.0,debug_accuracy
python3_quadruple_find-all-possible-recipes-from-given-supplies,1.0,debug_accuracy
python3_quadruple_count-the-repetitions,1.0,debug_accuracy
python3_quadruple_find-the-string-with-lcp,1.0,debug_accuracy
python3_quadruple_binary-tree-level-order-traversal-ii,1.0,debug_accuracy
python3_quadruple_construct-quad-tree,1.0,debug_accuracy
python3_quadruple_kth-largest-element-in-an-array,1.0,debug_accuracy
python3_quadruple_number-complement,1.0,debug_accuracy
python3_quadruple_restore-ip-addresses,1.0,debug_accuracy
python3_quadruple_number-of-ways-of-cutting-a-pizza,1.0,debug_accuracy
python3_quadruple_check-if-string-is-transformable-with-substring-sort-operations,0.0,debug_accuracy
python3_quadruple_valid-arrangement-of-pairs,1.0,debug_accuracy
python3_quadruple_valid-arrangement-of-pairs,1.0,debug_accuracy
python3_quadruple_find-words-that-can-be-formed-by-characters,1.0,debug_accuracy
python3_quadruple_valid-arrangement-of-pairs,1.0,debug_accuracy
python3_quadruple_median-of-two-sorted-arrays,1.0,debug_accuracy
python3_quadruple_median-of-two-sorted-arrays,1.0,debug_accuracy
python3_quadruple_median-of-two-sorted-arrays,1.0,debug_accuracy
python3_quadruple_count-the-repetitions,0.0,debug_accuracy
python3_quadruple_can-place-flowers,1.0,debug_accuracy
python3_quadruple_find-the-string-with-lcp,1.0,debug_accuracy
python3_quadruple_count-the-repetitions,0.0,debug_accuracy
python3_quadruple_valid-permutations-for-di-sequence,0.0,debug_accuracy
python3_quadruple_satisfiability-of-equality-equations,1.0,debug_accuracy
python3_quadruple_construct-quad-tree,1.0,debug_accuracy
python3_quadruple_valid-arrangement-of-pairs,1.0,debug_accuracy
python3_quadruple_minimize-the-total-price-of-the-trips,1.0,debug_accuracy
python3_quadruple_closest-dessert-cost,0.0,debug_accuracy
python3_quadruple_length-of-the-longest-valid-substring,0.0,debug_accuracy
python3_quadruple_count-the-repetitions,0.0,debug_accuracy
python3_quadruple_kth-largest-element-in-an-array,1.0,debug_accuracy
python3_quadruple_restore-ip-addresses,1.0,debug_accuracy
python3_quadruple_kth-largest-element-in-an-array,1.0,debug_accuracy
python3_quadruple_count-the-repetitions,0.0,debug_accuracy
python3_quadruple_find-all-possible-recipes-from-given-supplies,1.0,debug_accuracy
python3_quadruple_number-complement,1.0,debug_accuracy
python3_quadruple_can-place-flowers,1.0,debug_accuracy
python3_quadruple_longest-happy-prefix,1.0,debug_accuracy
python3_quadruple_how-many-numbers-are-smaller-than-the-current-number,1.0,debug_accuracy
python3_quadruple_count-the-repetitions,0.0,debug_accuracy
python3_quadruple_baseball-game,1.0,debug_accuracy
python3_quadruple_find-closest-node-to-given-two-nodes,1.0,debug_accuracy
python3_quadruple_valid-arrangement-of-pairs,1.0,debug_accuracy
python3_quadruple_lexicographically-smallest-palindrome,1.0,debug_accuracy
python3_quadruple_sum-of-subarray-minimums,1.0,debug_accuracy
python3_quadruple_length-of-the-longest-valid-substring,0.0,debug_accuracy
python3_quadruple_kth-largest-element-in-an-array,1.0,debug_accuracy
python3_quadruple_median-of-two-sorted-arrays,1.0,debug_accuracy
python3_quadruple_maximize-the-minimum-powered-city,0.0,debug_accuracy
python3_quadruple_valid-permutations-for-di-sequence,1.0,debug_accuracy
python3_quadruple_closest-dessert-cost,1.0,debug_accuracy
python3_quadruple_construct-quad-tree,1.0,debug_accuracy
python3_quadruple_check-if-string-is-transformable-with-substring-sort-operations,1.0,debug_accuracy
python3_quadruple_maximum-of-absolute-value-expression,1.0,debug_accuracy
python3_quadruple_sum-of-subarray-minimums,1.0,debug_accuracy
python3_quadruple_number-complement,1.0,debug_accuracy
python3_quadruple_length-of-the-longest-valid-substring,0.0,debug_accuracy
python3_quadruple_length-of-the-longest-valid-substring,1.0,debug_accuracy
python3_quadruple_lexicographically-smallest-palindrome,1.0,debug_accuracy
python3_quadruple_check-if-string-is-transformable-with-substring-sort-operations,1.0,debug_accuracy
python3_quadruple_closest-dessert-cost,0.0,debug_accuracy
python3_quadruple_construct-quad-tree,1.0,debug_accuracy
python3_quadruple_valid-arrangement-of-pairs,1.0,debug_accuracy
python3_quadruple_median-of-two-sorted-arrays,1.0,debug_accuracy
python3_quadruple_grid-game,1.0,debug_accuracy
python3_quadruple_closest-dessert-cost,1.0,debug_accuracy
python3_quadruple_can-place-flowers,1.0,debug_accuracy
python3_quadruple_valid-permutations-for-di-sequence,0.0,debug_accuracy
python3_quadruple_check-if-two-string-arrays-are-equivalent,1.0,debug_accuracy
python3_quadruple_count-the-repetitions,0.0,debug_accuracy
python3_quadruple_find-kth-bit-in-nth-binary-string,1.0,debug_accuracy
python3_quadruple_check-if-every-row-and-column-contains-all-numbers,1.0,debug_accuracy
python3_quadruple_sliding-window-median,1.0,debug_accuracy
python3_quadruple_find-the-string-with-lcp,1.0,debug_accuracy
python3_quadruple_construct-quad-tree,1.0,debug_accuracy
python3_quadruple_median-of-two-sorted-arrays,1.0,debug_accuracy
python3_quadruple_check-if-two-string-arrays-are-equivalent,1.0,debug_accuracy
python3_quadruple_length-of-the-longest-valid-substring,1.0,debug_accuracy
python3_quadruple_closest-dessert-cost,0.0,debug_accuracy
python3_quadruple_binary-tree-level-order-traversal-ii,1.0,debug_accuracy
python3_quadruple_find-closest-node-to-given-two-nodes,1.0,debug_accuracy
python3_quadruple_closest-dessert-cost,0.0,debug_accuracy
python3_quadruple_adding-two-negabinary-numbers,1.0,debug_accuracy
python3_quadruple_find-closest-node-to-given-two-nodes,1.0,debug_accuracy
python3_quadruple_minimum-obstacle-removal-to-reach-corner,1.0,debug_accuracy
python3_quadruple_length-of-the-longest-valid-substring,0.0,debug_accuracy
python3_quadruple_kth-largest-element-in-an-array,1.0,debug_accuracy
python3_quadruple_length-of-the-longest-valid-substring,0.0,debug_accuracy
python3_quadruple_restore-ip-addresses,0.0,debug_accuracy
python3_quadruple_sum-of-subarray-minimums,1.0,debug_accuracy
python3_quadruple_satisfiability-of-equality-equations,1.0,debug_accuracy
python3_quadruple_minimum-obstacle-removal-to-reach-corner,1.0,debug_accuracy
python3_quadruple_lexicographically-smallest-palindrome,1.0,debug_accuracy
python3_quadruple_closest-dessert-cost,1.0,debug_accuracy
python3_quadruple_two-furthest-houses-with-different-colors,1.0,debug_accuracy
python3_quadruple_restore-ip-addresses,1.0,debug_accuracy
python3_quadruple_valid-arrangement-of-pairs,1.0,debug_accuracy
python3_quadruple_count-the-repetitions,0.0,debug_accuracy
python3_quadruple_restore-ip-addresses,1.0,debug_accuracy
python3_quadruple_valid-arrangement-of-pairs,1.0,debug_accuracy
python3_quadruple_kth-largest-element-in-an-array,1.0,debug_accuracy
python3_quadruple_restore-ip-addresses,1.0,debug_accuracy
python3_quadruple_restore-ip-addresses,1.0,debug_accuracy
python3_quadruple_can-place-flowers,1.0,debug_accuracy
python3_quadruple_check-if-two-string-arrays-are-equivalent,1.0,debug_accuracy
python3_quadruple_count-the-repetitions,0.0,debug_accuracy
python3_quadruple_check-if-two-string-arrays-are-equivalent,1.0,debug_accuracy
python3_quadruple_closest-dessert-cost,1.0,debug_accuracy
python3_quadruple_valid-permutations-for-di-sequence,0.0,debug_accuracy
python3_quadruple_number-complement,1.0,debug_accuracy
python3_quadruple_valid-permutations-for-di-sequence,1.0,debug_accuracy
python3_quadruple_closest-dessert-cost,0.0,debug_accuracy
python3_quadruple_string-compression-ii,1.0,debug_accuracy
python3_quadruple_check-if-string-is-transformable-with-substring-sort-operations,1.0,debug_accuracy
python3_quadruple_sliding-window-median,0.0,debug_accuracy
python3_quadruple_kth-largest-element-in-an-array,1.0,debug_accuracy
python3_quadruple_restore-ip-addresses,1.0,debug_accuracy
python3_quadruple_sum-of-subarray-minimums,1.0,debug_accuracy
python3_quadruple_restore-ip-addresses,1.0,debug_accuracy
python3_quadruple_valid-permutations-for-di-sequence,1.0,debug_accuracy
python3_quadruple_check-whether-two-strings-are-almost-equivalent,1.0,debug_accuracy
python3_quadruple_linked-list-cycle,1.0,debug_accuracy
python3_quadruple_create-components-with-same-value,1.0,debug_accuracy
python3_quadruple_count-anagrams,1.0,debug_accuracy
python3_quadruple_valid-permutations-for-di-sequence,0.0,debug_accuracy
python3_quadruple_binary-tree-level-order-traversal-ii,1.0,debug_accuracy
python3_quadruple_median-of-two-sorted-arrays,1.0,debug_accuracy
python3_quadruple_next-greater-element-i,1.0,debug_accuracy
python3_quadruple_valid-permutations-for-di-sequence,0.0,debug_accuracy
python3_quadruple_length-of-the-longest-valid-substring,1.0,debug_accuracy
python3_quadruple_length-of-the-longest-valid-substring,1.0,debug_accuracy
python3_quadruple_check-if-string-is-transformable-with-substring-sort-operations,0.0,debug_accuracy
python3_quadruple_length-of-the-longest-valid-substring,0.0,debug_accuracy
python3_quadruple_number-of-ways-of-cutting-a-pizza,1.0,debug_accuracy
python3_quadruple_median-of-two-sorted-arrays,1.0,debug_accuracy
python3_quadruple_maximize-number-of-nice-divisors,1.0,debug_accuracy
python3_quadruple_string-compression-ii,1.0,debug_accuracy
python3_quadruple_count-the-repetitions,0.0,debug_accuracy
python3_quadruple_closest-dessert-cost,1.0,debug_accuracy
python3_quadruple_largest-positive-integer-that-exists-with-its-negative,1.0,debug_accuracy
python3_quadruple_split-linked-list-in-parts,1.0,debug_accuracy
python3_quadruple_lexicographically-smallest-palindrome,1.0,debug_accuracy
python3_quadruple_count-the-repetitions,1.0,debug_accuracy
python3_quadruple_minimum-index-sum-of-two-lists,1.0,debug_accuracy
python3_quadruple_can-place-flowers,1.0,debug_accuracy
python3_quadruple_check-if-two-string-arrays-are-equivalent,1.0,debug_accuracy
python3_quadruple_check-if-two-string-arrays-are-equivalent,1.0,debug_accuracy
python3_quadruple_find-players-with-zero-or-one-losses,1.0,debug_accuracy
python3_quadruple_partition-array-into-three-parts-with-equal-sum,0.0,debug_accuracy
python3_quadruple_median-of-two-sorted-arrays,1.0,debug_accuracy
python3_quadruple_length-of-the-longest-valid-substring,0.0,debug_accuracy
python3_quadruple_find-closest-node-to-given-two-nodes,1.0,debug_accuracy
python3_quadruple_valid-arrangement-of-pairs,1.0,debug_accuracy
python3_quadruple_median-of-two-sorted-arrays,1.0,debug_accuracy
python3_quadruple_kth-largest-element-in-an-array,1.0,debug_accuracy
python3_quadruple_lexicographically-smallest-palindrome,1.0,debug_accuracy
python3_quadruple_max-points-on-a-line,1.0,debug_accuracy
python3_quadruple_valid-arrangement-of-pairs,1.0,debug_accuracy
python3_quadruple_find-the-string-with-lcp,1.0,debug_accuracy
python3_quadruple_restore-ip-addresses,1.0,debug_accuracy
python3_quadruple_check-if-two-string-arrays-are-equivalent,1.0,debug_accuracy
python3_quadruple_restore-ip-addresses,1.0,debug_accuracy
python3_quadruple_number-of-ways-of-cutting-a-pizza,1.0,debug_accuracy
python3_quadruple_kth-largest-element-in-an-array,1.0,debug_accuracy
python3_quadruple_partition-string-into-substrings-with-values-at-most-k,1.0,debug_accuracy
python3_quadruple_length-of-the-longest-valid-substring,1.0,debug_accuracy
python3_quadruple_closest-dessert-cost,0.0,debug_accuracy
python3_quadruple_restore-ip-addresses,1.0,debug_accuracy
python3_quadruple_restore-ip-addresses,1.0,debug_accuracy
python3_quadruple_can-place-flowers,1.0,debug_accuracy
python3_quadruple_sliding-window-median,0.0,debug_accuracy
python3_quadruple_closest-dessert-cost,1.0,debug_accuracy
python3_quadruple_valid-permutations-for-di-sequence,0.0,debug_accuracy
python3_quadruple_minimum-time-to-complete-trips,1.0,debug_accuracy
python3_quadruple_sum-of-subarray-minimums,0.0,debug_accuracy
python3_quadruple_kth-largest-element-in-an-array,1.0,debug_accuracy
python3_quadruple_partition-array-according-to-given-pivot,0.0,debug_accuracy
python3_quadruple_number-of-ways-of-cutting-a-pizza,1.0,debug_accuracy
python3_quadruple_check-if-two-string-arrays-are-equivalent,1.0,debug_accuracy
python3_quadruple_count-the-repetitions,0.0,debug_accuracy
python3_quadruple_closest-dessert-cost,1.0,debug_accuracy
python3_quadruple_binary-tree-level-order-traversal-ii,1.0,debug_accuracy
python3_triple_kth-largest-element-in-an-array,1.0,debug_accuracy
python3_triple_restore-the-array-from-adjacent-pairs,1.0,debug_accuracy
python3_triple_minimum-number-of-steps-to-make-two-strings-anagram-ii,0.0,debug_accuracy
python3_triple_find-all-possible-recipes-from-given-supplies,1.0,debug_accuracy
python3_triple_count-anagrams,0.0,debug_accuracy
python3_triple_valid-arrangement-of-pairs,1.0,debug_accuracy
python3_triple_number-of-ways-of-cutting-a-pizza,0.0,debug_accuracy
python3_triple_string-compression-ii,1.0,debug_accuracy
python3_triple_string-compression-ii,1.0,debug_accuracy
python3_triple_maximize-number-of-nice-divisors,1.0,debug_accuracy
python3_triple_can-place-flowers,1.0,debug_accuracy
python3_triple_minimum-time-to-complete-trips,1.0,debug_accuracy
python3_triple_count-anagrams,1.0,debug_accuracy
python3_triple_minimum-obstacle-removal-to-reach-corner,1.0,debug_accuracy
python3_triple_alternating-digit-sum,1.0,debug_accuracy
python3_triple_restore-ip-addresses,1.0,debug_accuracy
python3_triple_check-if-string-is-transformable-with-substring-sort-operations,1.0,debug_accuracy
python3_triple_check-whether-two-strings-are-almost-equivalent,1.0,debug_accuracy
python3_triple_all-ancestors-of-a-node-in-a-directed-acyclic-graph,1.0,debug_accuracy
python3_triple_closest-dessert-cost,0.0,debug_accuracy
python3_triple_kth-largest-element-in-an-array,1.0,debug_accuracy
python3_triple_closest-dessert-cost,1.0,debug_accuracy
python3_triple_binary-tree-level-order-traversal-ii,1.0,debug_accuracy
python3_triple_binary-tree-level-order-traversal-ii,0.0,debug_accuracy
python3_triple_valid-permutations-for-di-sequence,0.0,debug_accuracy
python3_triple_length-of-the-longest-valid-substring,1.0,debug_accuracy
python3_triple_median-of-two-sorted-arrays,1.0,debug_accuracy
python3_triple_check-if-two-string-arrays-are-equivalent,1.0,debug_accuracy
python3_triple_check-if-string-is-transformable-with-substring-sort-operations,0.0,debug_accuracy
python3_triple_minimum-time-to-complete-trips,1.0,debug_accuracy
python3_triple_check-whether-two-strings-are-almost-equivalent,1.0,debug_accuracy
python3_triple_largest-positive-integer-that-exists-with-its-negative,1.0,debug_accuracy
python3_triple_average-value-of-even-numbers-that-are-divisible-by-three,0.0,debug_accuracy
python3_triple_number-complement,1.0,debug_accuracy
python3_triple_median-of-two-sorted-arrays,1.0,debug_accuracy
python3_triple_stone-game-vi,1.0,debug_accuracy
python3_triple_restore-ip-addresses,1.0,debug_accuracy
python3_triple_lexicographically-smallest-palindrome,1.0,debug_accuracy
python3_triple_median-of-two-sorted-arrays,1.0,debug_accuracy
python3_triple_kth-largest-element-in-an-array,1.0,debug_accuracy
python3_triple_satisfiability-of-equality-equations,1.0,debug_accuracy
python3_triple_n-queens-ii,1.0,debug_accuracy
python3_triple_maximum-gap,1.0,debug_accuracy
python3_triple_check-if-every-row-and-column-contains-all-numbers,1.0,debug_accuracy
python3_triple_online-election,1.0,debug_accuracy
python3_triple_sum-of-subarray-minimums,1.0,debug_accuracy
python3_triple_sliding-window-median,1.0,debug_accuracy
python3_triple_linked-list-cycle,1.0,debug_accuracy
python3_triple_check-if-string-is-transformable-with-substring-sort-operations,1.0,debug_accuracy
python3_triple_minimize-the-total-price-of-the-trips,1.0,debug_accuracy
python3_triple_substring-with-concatenation-of-all-words,1.0,debug_accuracy
python3_triple_binary-tree-level-order-traversal-ii,1.0,debug_accuracy
python3_triple_check-if-string-is-transformable-with-substring-sort-operations,1.0,debug_accuracy
python3_triple_rearrange-words-in-a-sentence,1.0,debug_accuracy
python3_triple_median-of-two-sorted-arrays,1.0,debug_accuracy
python3_triple_find-closest-node-to-given-two-nodes,1.0,debug_accuracy
python3_triple_maximize-number-of-nice-divisors,1.0,debug_accuracy
python3_triple_number-complement,1.0,debug_accuracy
python3_triple_largest-number-after-mutating-substring,1.0,debug_accuracy
python3_triple_find-closest-node-to-given-two-nodes,1.0,debug_accuracy
python3_triple_find-the-string-with-lcp,1.0,debug_accuracy
python3_triple_find-kth-bit-in-nth-binary-string,1.0,debug_accuracy
python3_triple_find-the-string-with-lcp,1.0,debug_accuracy
python3_triple_restore-ip-addresses,1.0,debug_accuracy
python3_triple_valid-arrangement-of-pairs,1.0,debug_accuracy
python3_triple_median-of-two-sorted-arrays,1.0,debug_accuracy
python3_triple_restore-ip-addresses,1.0,debug_accuracy
python3_triple_largest-positive-integer-that-exists-with-its-negative,1.0,debug_accuracy
python3_triple_kth-largest-sum-in-a-binary-tree,1.0,debug_accuracy
python3_triple_baseball-game,1.0,debug_accuracy
python3_triple_disconnect-path-in-a-binary-matrix-by-at-most-one-flip,0.0,debug_accuracy
python3_triple_construct-binary-tree-from-preorder-and-inorder-traversal,1.0,debug_accuracy
python3_triple_find-kth-bit-in-nth-binary-string,1.0,debug_accuracy
python3_triple_kth-largest-element-in-an-array,1.0,debug_accuracy
python3_triple_can-place-flowers,1.0,debug_accuracy
python3_triple_check-if-string-is-transformable-with-substring-sort-operations,1.0,debug_accuracy
python3_triple_string-compression-ii,1.0,debug_accuracy
python3_triple_valid-arrangement-of-pairs,1.0,debug_accuracy
python3_triple_valid-arrangement-of-pairs,1.0,debug_accuracy
python3_triple_remove-duplicates-from-sorted-array-ii,1.0,debug_accuracy
python3_triple_kth-largest-element-in-an-array,1.0,debug_accuracy
python3_triple_fizz-buzz,1.0,debug_accuracy
python3_triple_lexicographically-smallest-palindrome,1.0,debug_accuracy
python3_triple_string-compression-ii,1.0,debug_accuracy
python3_triple_binary-tree-level-order-traversal-ii,1.0,debug_accuracy
python3_triple_decode-the-slanted-ciphertext,1.0,debug_accuracy
python3_triple_delete-greatest-value-in-each-row,1.0,debug_accuracy
python3_triple_valid-arrangement-of-pairs,1.0,debug_accuracy
python3_triple_closest-dessert-cost,1.0,debug_accuracy
python3_triple_binary-tree-level-order-traversal-ii,1.0,debug_accuracy
python3_triple_disconnect-path-in-a-binary-matrix-by-at-most-one-flip,0.0,debug_accuracy
python3_triple_find-kth-bit-in-nth-binary-string,1.0,debug_accuracy
python3_triple_median-of-two-sorted-arrays,1.0,debug_accuracy
python3_triple_valid-arrangement-of-pairs,1.0,debug_accuracy
python3_triple_split-linked-list-in-parts,1.0,debug_accuracy
python3_triple_check-if-every-row-and-column-contains-all-numbers,1.0,debug_accuracy
python3_triple_count-number-of-maximum-bitwise-or-subsets,0.0,debug_accuracy
python3_triple_valid-arrangement-of-pairs,1.0,debug_accuracy
python3_triple_median-of-two-sorted-arrays,1.0,debug_accuracy
python3_triple_minimum-flips-to-make-a-or-b-equal-to-c,1.0,debug_accuracy
python3_triple_construct-quad-tree,1.0,debug_accuracy
python3_triple_can-place-flowers,1.0,debug_accuracy
python3_triple_check-if-string-is-transformable-with-substring-sort-operations,1.0,debug_accuracy
python3_triple_sequential-digits,1.0,debug_accuracy
python3_triple_grid-game,1.0,debug_accuracy
python3_triple_find-players-with-zero-or-one-losses,1.0,debug_accuracy
python3_triple_count-anagrams,1.0,debug_accuracy
python3_triple_string-compression-ii,1.0,debug_accuracy
python3_triple_how-many-numbers-are-smaller-than-the-current-number,1.0,debug_accuracy
python3_triple_valid-permutations-for-di-sequence,1.0,debug_accuracy
python3_triple_sum-of-subarray-minimums,1.0,debug_accuracy
python3_triple_partition-array-according-to-given-pivot,0.0,debug_accuracy
python3_triple_valid-permutations-for-di-sequence,1.0,debug_accuracy
python3_triple_restore-ip-addresses,1.0,debug_accuracy
python3_triple_valid-arrangement-of-pairs,1.0,debug_accuracy
python3_triple_self-dividing-numbers,1.0,debug_accuracy
python3_triple_minimize-the-total-price-of-the-trips,1.0,debug_accuracy
python3_triple_check-if-two-string-arrays-are-equivalent,1.0,debug_accuracy
python3_triple_create-components-with-same-value,1.0,debug_accuracy
python3_triple_count-the-repetitions,1.0,debug_accuracy
python3_triple_closest-dessert-cost,0.0,debug_accuracy
python3_triple_find-closest-node-to-given-two-nodes,1.0,debug_accuracy
python3_triple_binary-tree-level-order-traversal-ii,1.0,debug_accuracy
python3_triple_maximum-gap,1.0,debug_accuracy
python3_triple_sum-of-absolute-differences-in-a-sorted-array,1.0,debug_accuracy
python3_triple_lexicographically-smallest-palindrome,1.0,debug_accuracy
python3_triple_minimize-the-total-price-of-the-trips,1.0,debug_accuracy
python3_triple_restore-ip-addresses,1.0,debug_accuracy
python3_triple_baseball-game,1.0,debug_accuracy
python3_triple_online-election,1.0,debug_accuracy
python3_triple_number-complement,1.0,debug_accuracy
python3_triple_find-all-possible-recipes-from-given-supplies,1.0,debug_accuracy
python3_triple_find-closest-node-to-given-two-nodes,1.0,debug_accuracy
python3_triple_sliding-window-median,1.0,debug_accuracy
python3_triple_baseball-game,1.0,debug_accuracy
python3_triple_number-complement,0.0,debug_accuracy
python3_triple_length-of-the-longest-valid-substring,0.0,debug_accuracy
python3_triple_number-of-ways-of-cutting-a-pizza,1.0,debug_accuracy
python3_triple_split-linked-list-in-parts,1.0,debug_accuracy
python3_triple_median-of-two-sorted-arrays,1.0,debug_accuracy
python3_triple_count-anagrams,1.0,debug_accuracy
python3_triple_sum-of-subarray-minimums,1.0,debug_accuracy
python3_triple_largest-number-after-mutating-substring,1.0,debug_accuracy
python3_triple_moving-stones-until-consecutive-ii,1.0,debug_accuracy
python3_triple_restore-ip-addresses,1.0,debug_accuracy
python3_triple_lexicographically-smallest-palindrome,1.0,debug_accuracy
python3_triple_linked-list-cycle,1.0,debug_accuracy
python3_triple_how-many-numbers-are-smaller-than-the-current-number,1.0,debug_accuracy
python3_triple_can-place-flowers,1.0,debug_accuracy
python3_triple_find-words-that-can-be-formed-by-characters,1.0,debug_accuracy
python3_triple_partition-array-into-three-parts-with-equal-sum,0.0,debug_accuracy
python3_triple_longest-happy-prefix,1.0,debug_accuracy
python3_triple_valid-arrangement-of-pairs,1.0,debug_accuracy
python3_triple_number-of-ways-of-cutting-a-pizza,1.0,debug_accuracy
python3_triple_length-of-the-longest-valid-substring,0.0,debug_accuracy
python3_triple_can-place-flowers,1.0,debug_accuracy
python3_triple_restore-ip-addresses,1.0,debug_accuracy
python3_triple_find-words-that-can-be-formed-by-characters,1.0,debug_accuracy
python3_triple_find-closest-node-to-given-two-nodes,1.0,debug_accuracy
python3_triple_moving-stones-until-consecutive-ii,1.0,debug_accuracy
python3_triple_length-of-the-longest-valid-substring,0.0,debug_accuracy
python3_triple_kth-largest-element-in-an-array,1.0,debug_accuracy
python3_triple_sum-of-subarray-ranges,1.0,debug_accuracy
python3_triple_count-the-repetitions,1.0,debug_accuracy
python3_triple_count-the-repetitions,0.0,debug_accuracy
python3_triple_kth-largest-element-in-an-array,1.0,debug_accuracy
python3_triple_closest-dessert-cost,0.0,debug_accuracy
python3_triple_can-place-flowers,1.0,debug_accuracy
python3_triple_satisfiability-of-equality-equations,1.0,debug_accuracy
python3_triple_find-all-possible-recipes-from-given-supplies,1.0,debug_accuracy
python3_triple_palindrome-pairs,0.0,debug_accuracy
python3_triple_find-the-string-with-lcp,1.0,debug_accuracy
python3_triple_check-if-string-is-transformable-with-substring-sort-operations,1.0,debug_accuracy
python3_triple_minimum-speed-to-arrive-on-time,1.0,debug_accuracy
python3_triple_length-of-the-longest-valid-substring,1.0,debug_accuracy
python3_triple_closest-dessert-cost,1.0,debug_accuracy
python3_triple_string-compression-ii,1.0,debug_accuracy
python3_triple_check-if-two-string-arrays-are-equivalent,1.0,debug_accuracy
python3_triple_valid-permutations-for-di-sequence,0.0,debug_accuracy
python3_triple_binary-tree-level-order-traversal-ii,1.0,debug_accuracy
python3_triple_find-closest-node-to-given-two-nodes,1.0,debug_accuracy
python3_triple_count-the-repetitions,1.0,debug_accuracy
python3_triple_best-time-to-buy-and-sell-stock-ii,1.0,debug_accuracy
python3_triple_string-compression-ii,1.0,debug_accuracy
python3_triple_substring-with-concatenation-of-all-words,1.0,debug_accuracy
python3_triple_count-the-repetitions,0.0,debug_accuracy
python3_triple_max-points-on-a-line,1.0,debug_accuracy
python3_triple_valid-permutations-for-di-sequence,0.0,debug_accuracy
python3_triple_median-of-two-sorted-arrays,1.0,debug_accuracy
python3_triple_closest-dessert-cost,1.0,debug_accuracy
python3_triple_find-kth-bit-in-nth-binary-string,1.0,debug_accuracy
python3_triple_number-complement,1.0,debug_accuracy
python3_triple_partition-string-into-substrings-with-values-at-most-k,1.0,debug_accuracy
python3_triple_valid-permutations-for-di-sequence,0.0,debug_accuracy
python3_triple_restore-ip-addresses,1.0,debug_accuracy
python3_triple_median-of-two-sorted-arrays,1.0,debug_accuracy
python3_triple_maximum-of-absolute-value-expression,1.0,debug_accuracy
python3_triple_count-the-repetitions,0.0,debug_accuracy
python3_triple_kth-largest-element-in-an-array,1.0,debug_accuracy
python3_triple_restore-ip-addresses,1.0,debug_accuracy
python3_triple_check-if-string-is-transformable-with-substring-sort-operations,1.0,debug_accuracy
python3_triple_median-of-two-sorted-arrays,1.0,debug_accuracy
python3_triple_lexicographically-smallest-palindrome,1.0,debug_accuracy
python3_triple_arithmetic-slices-ii-subsequence,1.0,debug_accuracy
python3_triple_median-of-two-sorted-arrays,1.0,debug_accuracy
python3_triple_grid-game,1.0,debug_accuracy
python3_triple_sum-of-subarray-minimums,1.0,debug_accuracy
python3_triple_check-if-two-string-arrays-are-equivalent,1.0,debug_accuracy
python3_triple_valid-permutations-for-di-sequence,1.0,debug_accuracy
python3_triple_valid-arrangement-of-pairs,1.0,debug_accuracy
python3_triple_maximum-of-absolute-value-expression,1.0,debug_accuracy
python3_triple_k-th-smallest-in-lexicographical-order,1.0,debug_accuracy
python3_triple_find-the-string-with-lcp,1.0,debug_accuracy
python3_triple_minimum-index-sum-of-two-lists,1.0,debug_accuracy
python3_triple_online-election,1.0,debug_accuracy
python3_triple_number-of-ways-of-cutting-a-pizza,1.0,debug_accuracy
python3_triple_create-components-with-same-value,1.0,debug_accuracy
python3_triple_moving-stones-until-consecutive-ii,1.0,debug_accuracy
python3_triple_linked-list-in-binary-tree,1.0,debug_accuracy
python3_triple_kth-largest-element-in-an-array,1.0,debug_accuracy
python3_triple_lexicographically-smallest-string-after-substring-operation,1.0,debug_accuracy
python3_triple_closest-dessert-cost,1.0,debug_accuracy
python3_triple_find-the-middle-index-in-array,1.0,debug_accuracy
python3_triple_count-the-repetitions,1.0,debug_accuracy
python3_triple_count-the-repetitions,1.0,debug_accuracy
python3_triple_valid-arrangement-of-pairs,1.0,debug_accuracy
python3_triple_count-the-repetitions,1.0,debug_accuracy
python3_triple_lexicographically-smallest-string-after-substring-operation,1.0,debug_accuracy
python3_triple_valid-arrangement-of-pairs,1.0,debug_accuracy
python3_triple_count-the-repetitions,1.0,debug_accuracy
python3_triple_unique-number-of-occurrences,1.0,debug_accuracy
python3_triple_largest-positive-integer-that-exists-with-its-negative,1.0,debug_accuracy
python3_triple_count-the-repetitions,1.0,debug_accuracy
python3_triple_valid-permutations-for-di-sequence,1.0,debug_accuracy
python3_triple_valid-arrangement-of-pairs,1.0,debug_accuracy
python3_triple_increasing-order-search-tree,1.0,debug_accuracy
python3_triple_valid-arrangement-of-pairs,1.0,debug_accuracy
python3_triple_kth-largest-element-in-an-array,1.0,debug_accuracy
python3_triple_adding-two-negabinary-numbers,1.0,debug_accuracy
python3_triple_check-if-string-is-transformable-with-substring-sort-operations,1.0,debug_accuracy
python3_triple_check-if-string-is-transformable-with-substring-sort-operations,1.0,debug_accuracy
python3_triple_longest-happy-prefix,1.0,debug_accuracy
python3_triple_maximize-the-minimum-powered-city,1.0,debug_accuracy
python3_triple_minimum-obstacle-removal-to-reach-corner,1.0,debug_accuracy
python3_triple_length-of-the-longest-valid-substring,1.0,debug_accuracy
python3_triple_find-closest-node-to-given-two-nodes,1.0,debug_accuracy
python3_triple_check-if-there-is-a-valid-partition-for-the-array,1.0,debug_accuracy
python3_triple_maximum-difference-between-node-and-ancestor,1.0,debug_accuracy
python3_triple_length-of-the-longest-valid-substring,0.0,debug_accuracy
python3_triple_count-the-repetitions,0.0,debug_accuracy
python3_unclosed parentheses_kth-largest-element-in-an-array,1.0,debug_accuracy
python3_unclosed parentheses_construct-binary-tree-from-preorder-and-inorder-traversal,1.0,debug_accuracy
python3_unclosed parentheses_how-many-numbers-are-smaller-than-the-current-number,1.0,debug_accuracy
python3_unclosed parentheses_moving-stones-until-consecutive-ii,1.0,debug_accuracy
python3_unclosed parentheses_reveal-cards-in-increasing-order,1.0,debug_accuracy
python3_unclosed parentheses_find-closest-node-to-given-two-nodes,1.0,debug_accuracy
python3_unclosed parentheses_longest-arithmetic-subsequence-of-given-difference,1.0,debug_accuracy
python3_unclosed parentheses_create-components-with-same-value,1.0,debug_accuracy
python3_unclosed parentheses_increasing-order-search-tree,1.0,debug_accuracy
python3_unclosed parentheses_construct-the-longest-new-string,1.0,debug_accuracy
python3_unclosed parentheses_card-flipping-game,1.0,debug_accuracy
python3_unclosed parentheses_satisfiability-of-equality-equations,1.0,debug_accuracy
python3_unclosed parentheses_substring-with-concatenation-of-all-words,1.0,debug_accuracy
python3_unclosed parentheses_find-the-string-with-lcp,1.0,debug_accuracy
python3_unclosed parentheses_stone-game-vi,1.0,debug_accuracy
python3_unclosed parentheses_sum-of-absolute-differences-in-a-sorted-array,1.0,debug_accuracy
python3_unclosed parentheses_next-greater-element-i,1.0,debug_accuracy
python3_unclosed parentheses_find-words-that-can-be-formed-by-characters,1.0,debug_accuracy
python3_unclosed parentheses_scramble-string,1.0,debug_accuracy
python3_unclosed parentheses_minimum-obstacle-removal-to-reach-corner,1.0,debug_accuracy
python3_unclosed parentheses_count-equal-and-divisible-pairs-in-an-array,1.0,debug_accuracy
python3_unclosed parentheses_online-election,1.0,debug_accuracy
python3_unclosed parentheses_reverse-bits,1.0,debug_accuracy
python3_unclosed parentheses_largest-number-after-digit-swaps-by-parity,1.0,debug_accuracy
python3_unclosed parentheses_valid-arrangement-of-pairs,1.0,debug_accuracy
python3_unclosed parentheses_sliding-window-median,1.0,debug_accuracy
python3_unclosed parentheses_pascals-triangle,1.0,debug_accuracy
python3_unclosed parentheses_maximum-depth-of-binary-tree,1.0,debug_accuracy
python3_unclosed parentheses_restore-ip-addresses,1.0,debug_accuracy
python3_unclosed parentheses_longest-cycle-in-a-graph,1.0,debug_accuracy
python3_unclosed parentheses_valid-permutations-for-di-sequence,1.0,debug_accuracy
python3_unclosed parentheses_maximum-gap,1.0,debug_accuracy
python3_unclosed parentheses_check-if-there-is-a-valid-partition-for-the-array,1.0,debug_accuracy
python3_unclosed parentheses_alternating-digit-sum,1.0,debug_accuracy
python3_unclosed parentheses_number-of-pairs-of-strings-with-concatenation-equal-to-target,1.0,debug_accuracy
python3_unclosed parentheses_arithmetic-slices-ii-subsequence,1.0,debug_accuracy
python3_unclosed parentheses_string-compression-ii,1.0,debug_accuracy
python3_unclosed parentheses_edit-distance,1.0,debug_accuracy
python3_unclosed parentheses_fibonacci-number,1.0,debug_accuracy
python3_unclosed parentheses_minimum-time-to-complete-trips,1.0,debug_accuracy
python3_unclosed parentheses_minimize-the-total-price-of-the-trips,0.0,debug_accuracy
python3_unclosed parentheses_minimum-number-of-steps-to-make-two-strings-anagram-ii,1.0,debug_accuracy
python3_unclosed parentheses_minimum-changes-to-make-alternating-binary-string,1.0,debug_accuracy
python3_unclosed parentheses_design-a-text-editor,1.0,debug_accuracy
python3_unclosed parentheses_check-if-two-string-arrays-are-equivalent,1.0,debug_accuracy
python3_unclosed string_n-queens-ii,1.0,debug_accuracy
python3_unclosed string_maximum-depth-of-n-ary-tree,1.0,debug_accuracy
python3_unclosed string_count-the-repetitions,1.0,debug_accuracy
python3_unclosed string_max-points-on-a-line,1.0,debug_accuracy
python3_unclosed string_number-of-ways-to-split-a-string,1.0,debug_accuracy
python3_unclosed string_invalid-transactions,1.0,debug_accuracy
python3_unclosed string_check-if-two-string-arrays-are-equivalent,1.0,debug_accuracy
python3_unclosed string_plates-between-candles,1.0,debug_accuracy
python3_unclosed string_fizz-buzz,1.0,debug_accuracy
python3_unclosed string_find-positive-integer-solution-for-a-given-equation,1.0,debug_accuracy
python3_unclosed string_self-dividing-numbers,1.0,debug_accuracy
python3_unclosed string_palindrome-partitioning-iii,1.0,debug_accuracy
python3_unclosed string_find-the-string-with-lcp,1.0,debug_accuracy
python3_unclosed string_making-file-names-unique,1.0,debug_accuracy
python3_unclosed string_length-of-the-longest-valid-substring,1.0,debug_accuracy
python3_unclosed string_rings-and-rods,1.0,debug_accuracy
python3_unclosed string_baseball-game,1.0,debug_accuracy
python3_unclosed string_grid-game,1.0,debug_accuracy
python3_unclosed string_plus-one,1.0,debug_accuracy
python3_unclosed string_string-compression-ii,1.0,debug_accuracy
python3_unclosed string_find-closest-node-to-given-two-nodes,1.0,debug_accuracy
python3_unclosed string_all-ancestors-of-a-node-in-a-directed-acyclic-graph,1.0,debug_accuracy
python3_unclosed string_check-whether-two-strings-are-almost-equivalent,1.0,debug_accuracy
python3_unclosed string_valid-permutations-for-di-sequence,0.0,debug_accuracy
python3_unclosed string_lexicographically-smallest-palindrome,1.0,debug_accuracy
python3_unclosed string_sliding-window-median,0.0,debug_accuracy
python3_unclosed string_restore-ip-addresses,1.0,debug_accuracy
python3_unclosed string_minimum-cost-to-split-an-array,0.0,debug_accuracy
python3_unclosed string_sum-of-subarray-minimums,1.0,debug_accuracy
python3_unclosed string_rearrange-words-in-a-sentence,1.0,debug_accuracy
python3_unclosed string_valid-parenthesis-string,1.0,debug_accuracy
python3_unclosed string_decode-the-slanted-ciphertext,0.0,debug_accuracy
python3_unclosed string_lexicographically-smallest-string-after-substring-operation,1.0,debug_accuracy
python3_unclosed string_restore-the-array,1.0,debug_accuracy
python3_unclosed string_create-components-with-same-value,1.0,debug_accuracy
python3_unclosed string_most-common-word,1.0,debug_accuracy
python3_unclosed string_sort-colors,1.0,debug_accuracy
python3_unclosed string_ways-to-split-array-into-good-subarrays,1.0,debug_accuracy
python3_unclosed string_construct-quad-tree,1.0,debug_accuracy
python3_unclosed string_find-kth-bit-in-nth-binary-string,1.0,debug_accuracy
python3_unclosed string_maximum-gap,1.0,debug_accuracy
python3_unclosed string_palindrome-pairs,0.0,debug_accuracy
python3_undefined methods_third-maximum-number,1.0,debug_accuracy
python3_undefined methods_maximum-of-absolute-value-expression,1.0,debug_accuracy
python3_undefined methods_partition-array-into-three-parts-with-equal-sum,1.0,debug_accuracy
python3_undefined methods_distribute-candies,1.0,debug_accuracy
python3_undefined methods_check-if-two-string-arrays-are-equivalent,1.0,debug_accuracy
python3_undefined methods_find-first-palindromic-string-in-the-array,1.0,debug_accuracy
python3_undefined methods_find-peak-element,1.0,debug_accuracy
python3_undefined methods_create-components-with-same-value,1.0,debug_accuracy
python3_undefined methods_4sum-ii,1.0,debug_accuracy
python3_undefined methods_unique-number-of-occurrences,1.0,debug_accuracy
python3_undefined methods_minimum-obstacle-removal-to-reach-corner,1.0,debug_accuracy
python3_undefined methods_powerful-integers,1.0,debug_accuracy
python3_undefined methods_minimum-cost-to-cut-a-stick,1.0,debug_accuracy
python3_undefined methods_fibonacci-number,1.0,debug_accuracy
python3_undefined methods_add-edges-to-make-degrees-of-all-nodes-even,1.0,debug_accuracy
python3_undefined methods_kth-missing-positive-number,1.0,debug_accuracy
python3_undefined methods_sort-an-array,1.0,debug_accuracy
python3_undefined methods_lexicographically-smallest-palindrome,1.0,debug_accuracy
python3_undefined methods_fizz-buzz,1.0,debug_accuracy
python3_undefined methods_check-if-every-row-and-column-contains-all-numbers,1.0,debug_accuracy
python3_undefined methods_corporate-flight-bookings,1.0,debug_accuracy
python3_undefined methods_longest-happy-prefix,1.0,debug_accuracy
python3_undefined methods_length-of-the-longest-valid-substring,1.0,debug_accuracy
python3_undefined methods_how-many-numbers-are-smaller-than-the-current-number,1.0,debug_accuracy
python3_undefined methods_magic-squares-in-grid,1.0,debug_accuracy
python3_undefined methods_partition-labels,1.0,debug_accuracy
python3_undefined methods_sliding-window-median,1.0,debug_accuracy
python3_undefined methods_kth-largest-sum-in-a-binary-tree,1.0,debug_accuracy
python3_undefined methods_koko-eating-bananas,1.0,debug_accuracy
python3_undefined methods_linked-list-cycle,1.0,debug_accuracy
python3_undefined methods_making-file-names-unique,1.0,debug_accuracy
python3_undefined methods_make-array-zero-by-subtracting-equal-amounts,1.0,debug_accuracy
python3_undefined methods_split-linked-list-in-parts,1.0,debug_accuracy
python3_undefined methods_minimum-bit-flips-to-convert-number,1.0,debug_accuracy
python3_undefined methods_linked-list-in-binary-tree,1.0,debug_accuracy
python3_undefined methods_k-similar-strings,1.0,debug_accuracy
python3_undefined methods_count-the-repetitions,1.0,debug_accuracy
python3_undefined methods_increasing-decreasing-string,1.0,debug_accuracy
python3_undefined methods_arithmetic-slices-ii-subsequence,1.0,debug_accuracy
python3_undefined methods_amount-of-time-for-binary-tree-to-be-infected,1.0,debug_accuracy
python3_undefined methods_check-if-there-is-a-valid-partition-for-the-array,1.0,debug_accuracy
python3_undefined methods_lexicographically-smallest-string-after-substring-operation,1.0,debug_accuracy
python3_undefined methods_delete-operation-for-two-strings,0.0,debug_accuracy
python3_undefined methods_next-greater-element-i,1.0,debug_accuracy
python3_undefined methods_satisfiability-of-equality-equations,1.0,debug_accuracy
python3_undefined methods_removing-minimum-and-maximum-from-array,1.0,debug_accuracy
python3_undefined methods_reverse-subarray-to-maximize-array-value,0.0,debug_accuracy
python3_undefined methods_moving-stones-until-consecutive-ii,0.0,debug_accuracy
python3_undefined methods_fizz-buzz,1.0,debug_accuracy
python3_undefined methods_next-greater-element-i,1.0,debug_accuracy
python3_undefined methods_remove-duplicates-from-sorted-array-ii,1.0,debug_accuracy
python3_undefined methods_capitalize-the-title,1.0,debug_accuracy
python3_undefined methods_longest-well-performing-interval,1.0,debug_accuracy
python3_undefined methods_check-if-string-is-transformable-with-substring-sort-operations,1.0,debug_accuracy
python3_undefined methods_find-kth-bit-in-nth-binary-string,1.0,debug_accuracy
python3_undefined methods_sum-of-absolute-differences-in-a-sorted-array,1.0,debug_accuracy
python3_undefined objects_number-of-ways-of-cutting-a-pizza,1.0,debug_accuracy
python3_undefined objects_check-if-every-row-and-column-contains-all-numbers,1.0,debug_accuracy
python3_undefined objects_minimum-number-of-steps-to-make-two-strings-anagram-ii,0.0,debug_accuracy
python3_undefined objects_reachable-nodes-with-restrictions,1.0,debug_accuracy
python3_undefined objects_binary-tree-inorder-traversal,1.0,debug_accuracy
python3_undefined objects_can-place-flowers,1.0,debug_accuracy
python3_undefined objects_minimum-obstacle-removal-to-reach-corner,1.0,debug_accuracy
python3_undefined objects_neighboring-bitwise-xor,1.0,debug_accuracy
python3_undefined objects_split-linked-list-in-parts,1.0,debug_accuracy
python3_undefined objects_find-the-middle-index-in-array,1.0,debug_accuracy
python3_undefined objects_neither-minimum-nor-maximum,1.0,debug_accuracy
python3_undefined objects_decode-the-slanted-ciphertext,1.0,debug_accuracy
python3_undefined objects_binary-tree-level-order-traversal-ii,1.0,debug_accuracy
python3_undefined objects_minimum-flips-to-make-a-or-b-equal-to-c,1.0,debug_accuracy
python3_undefined objects_maximum-difference-between-node-and-ancestor,1.0,debug_accuracy
python3_undefined objects_construct-binary-tree-from-preorder-and-inorder-traversal,1.0,debug_accuracy
python3_undefined objects_replace-elements-in-an-array,1.0,debug_accuracy
python3_undefined objects_minimum-distance-to-the-target-element,1.0,debug_accuracy
python3_undefined objects_4sum-ii,1.0,debug_accuracy
python3_undefined objects_count-subtrees-with-max-distance-between-cities,0.0,debug_accuracy
python3_undefined objects_check-whether-two-strings-are-almost-equivalent,1.0,debug_accuracy
python3_undefined objects_find-mode-in-binary-search-tree,1.0,debug_accuracy
python3_undefined objects_maximum-gap,1.0,debug_accuracy
python3_undefined objects_max-points-on-a-line,1.0,debug_accuracy
python3_undefined objects_partition-array-into-three-parts-with-equal-sum,1.0,debug_accuracy
python3_undefined objects_largest-number-after-digit-swaps-by-parity,1.0,debug_accuracy
python3_undefined objects_maximum-profit-of-operating-a-centennial-wheel,1.0,debug_accuracy
python3_undefined objects_partition-string-into-substrings-with-values-at-most-k,1.0,debug_accuracy
python3_undefined objects_make-costs-of-paths-equal-in-a-binary-tree,1.0,debug_accuracy
python3_undefined objects_count-the-repetitions,0.0,debug_accuracy
python3_undefined objects_merge-k-sorted-lists,1.0,debug_accuracy
python3_undefined objects_minimum-time-to-complete-trips,1.0,debug_accuracy
python3_undefined objects_best-time-to-buy-and-sell-stock-ii,1.0,debug_accuracy
python3_undefined objects_sliding-puzzle,1.0,debug_accuracy
python3_undefined objects_count-number-of-maximum-bitwise-or-subsets,1.0,debug_accuracy
python3_undefined objects_maximum-product-of-splitted-binary-tree,1.0,debug_accuracy
python3_undefined objects_all-elements-in-two-binary-search-trees,1.0,debug_accuracy
python3_undefined objects_all-ancestors-of-a-node-in-a-directed-acyclic-graph,1.0,debug_accuracy
python3_undefined objects_longest-well-performing-interval,1.0,debug_accuracy
python3_undefined objects_maximum-strength-of-a-group,1.0,debug_accuracy
python3_undefined objects_smallest-string-starting-from-leaf,1.0,debug_accuracy
python3_undefined objects_corporate-flight-bookings,1.0,debug_accuracy
python3_undefined objects_find-the-array-concatenation-value,1.0,debug_accuracy
python3_undefined objects_design-a-text-editor,1.0,debug_accuracy
python3_undefined objects_reverse-nodes-in-k-group,1.0,debug_accuracy
python3_undefined objects_check-if-string-is-transformable-with-substring-sort-operations,1.0,debug_accuracy
python3_undefined objects_number-complement,1.0,debug_accuracy
python3_undefined objects_jump-game-ii,0.0,debug_accuracy
python3_undefined objects_minimize-the-total-price-of-the-trips,1.0,debug_accuracy
python3_undefined objects_fizz-buzz,1.0,debug_accuracy
python3_undefined objects_construct-quad-tree,1.0,debug_accuracy
python3_undefined objects_n-queens-ii,1.0,debug_accuracy
python3_undefined objects_stone-game-vi,1.0,debug_accuracy
python3_undefined objects_satisfiability-of-equality-equations,1.0,debug_accuracy
python3_undefined objects_generate-random-point-in-a-circle,1.0,debug_accuracy
python3_undefined objects_fizz-buzz,1.0,debug_accuracy
python3_undefined objects_minimum-fuel-cost-to-report-to-the-capital,0.0,debug_accuracy
python3_undefined objects_maximize-the-minimum-powered-city,0.0,debug_accuracy
python3_undefined objects_kth-largest-element-in-an-array,1.0,debug_accuracy
python3_undefined objects_koko-eating-bananas,1.0,debug_accuracy
python3_variable error_longest-cycle-in-a-graph,1.0,debug_accuracy
python3_variable error_minimum-difference-between-highest-and-lowest-of-k-scores,1.0,debug_accuracy
python3_variable error_find-peak-element,1.0,debug_accuracy
python3_variable error_make-costs-of-paths-equal-in-a-binary-tree,1.0,debug_accuracy
python3_variable error_count-subtrees-with-max-distance-between-cities,0.0,debug_accuracy
python3_variable error_find-the-array-concatenation-value,1.0,debug_accuracy
python3_variable error_find-the-middle-index-in-array,1.0,debug_accuracy
python3_variable error_median-of-two-sorted-arrays,1.0,debug_accuracy
python3_variable error_course-schedule,1.0,debug_accuracy
python3_variable error_next-greater-element-iv,1.0,debug_accuracy
python3_variable error_stone-game-vi,1.0,debug_accuracy
python3_variable error_maximum-depth-of-binary-tree,1.0,debug_accuracy
python3_variable error_satisfiability-of-equality-equations,1.0,debug_accuracy
python3_variable error_longest-subsequence-with-limited-sum,1.0,debug_accuracy
python3_variable error_minimum-obstacle-removal-to-reach-corner,1.0,debug_accuracy
python3_variable error_making-file-names-unique,1.0,debug_accuracy
python3_variable error_maximum-depth-of-n-ary-tree,1.0,debug_accuracy
python3_variable error_minimum-cost-to-cut-a-stick,1.0,debug_accuracy
python3_variable error_maximum-gap,1.0,debug_accuracy
python3_variable error_count-equal-and-divisible-pairs-in-an-array,1.0,debug_accuracy
python3_variable error_substrings-of-size-three-with-distinct-characters,1.0,debug_accuracy
python3_variable error_reverse-subarray-to-maximize-array-value,1.0,debug_accuracy
python3_variable error_best-time-to-buy-and-sell-stock-ii,1.0,debug_accuracy
python3_variable error_convert-sorted-list-to-binary-search-tree,1.0,debug_accuracy
python3_variable error_minimum-index-sum-of-two-lists,1.0,debug_accuracy
python3_variable error_check-if-every-row-and-column-contains-all-numbers,1.0,debug_accuracy
python3_variable error_linked-list-in-binary-tree,1.0,debug_accuracy
python3_variable error_calculate-money-in-leetcode-bank,1.0,debug_accuracy
python3_variable error_partition-string-into-substrings-with-values-at-most-k,1.0,debug_accuracy
python3_variable error_minimum-cost-to-make-at-least-one-valid-path-in-a-grid,1.0,debug_accuracy
python3_variable error_maximum-number-of-moves-in-a-grid,1.0,debug_accuracy
